CHASSIS,CHANNEL,CONNECTOR,SIGNAL,CUSTNAME,USE,DESC,COUPLING,EGU,ESLO,EOFF,LOLOlim,LOlim,HIlim,HIHIlim
1,1,DB2,1,01-DB2-01-0001,No,NONE,DC,V,1,0,-9.99,-9.99,9.99,9.99
1,2,DB2,2,01-DB2-02-0002,No,NONE,DC,V,1,0,-9.99,-9.99,9.99,9.99
1,3,DB2,3,01-DB2-03-0003,No,NONE,DC,V,1,0,-9.99,-9.99,9.99,9.99
1,4,DB2,4,01-DB2-04-0004,No,NONE,DC,V,1,0,-9.99,-9.99,9.99,9.99
1,5,DB2,5,01-DB2-05-0005,No,NONE,DC,V,1,0,-9.99,-9.99,9.99,9.99
1,6,DB2,6,01-DB2-06-0006,No,NONE,DC,V,1,0,-9.99,-9.99,9.99,9.99
1,7,DB2,7,01-DB2-07-0007,No,NONE,DC,V,1,0,-9.99,-9.99,9.99,9.99
1,8,DB2,8,01-DB2-08-0008,No,NONE,DC,V,1,0,-9.99,-9.99,9.99,9.99
1,9,DB2,9,01-DB2-09-0009,No,NONE,DC,V,1,0,-9.99,-9.99,9.99,9.99
1,10,DB2,10,01-DB2-10-0010,No,NONE,DC,V,1,0,-9.99,-9.99,9.99,9.99
1,11,DB2,11,01-DB2-11-0011,No,NONE,DC,V,1,0,-9.99,-9.99,9.99,9.99
1,12,DB2,12,01-DB2-12-0012,No,NONE,DC,V,1,0,-9.99,-9.99,9.99,9.99
1,13,DB2,13,01-DB2-13-0013,No,NONE,DC,V,1,0,-9.99,-9.99,9.99,9.99
1,14,DB2,14,01-DB2-14-0014,No,NONE,DC,V,1,0,-9.99,-9.99,9.99,9.99
1,15,DB2,15,01-DB2-15-0015,No,NONE,DC,V,1,0,-9.99,-9.99,9.99,9.99
1,16,DB2,16,01-DB2-16-0016,No,NONE,DC,V,1,0,-9.99,-9.99,9.99,9.99
1,17,DB1,17,01-DB1-17-0017,No,NONE,DC,V,1,0,-9.99,-9.99,9.99,9.99
1,18,DB1,18,01-DB1-18-0018,No,NONE,DC,V,1,0,-9.99,-9.99,9.99,9.99
1,19,DB1,19,01-DB1-19-0019,No,NONE,DC,V,1,0,-9.99,-9.99,9.99,9.99
1,20,DB1,20,01-DB1-20-0020,No,NONE,DC,V,1,0,-9.99,-9.99,9.99,9.99
1,21,DB1,21,01-DB1-21-0021,No,NONE,DC,V,1,0,-9.99,-9.99,9.99,9.99
1,22,DB1,22,01-DB1-22-0022,No,NONE,DC,V,1,0,-9.99,-9.99,9.99,9.99
1,23,DB1,23,01-DB1-23-0023,No,NONE,DC,V,1,0,-9.99,-9.99,9.99,9.99
1,24,DB1,24,01-DB1-24-0024,No,NONE,DC,V,1,0,-9.99,-9.99,9.99,9.99
1,25,DB1,25,01-DB1-25-0025,No,NONE,DC,V,1,0,-9.99,-9.99,9.99,9.99
1,26,DB1,26,01-DB1-26-0026,No,NONE,DC,V,1,0,-9.99,-9.99,9.99,9.99
1,27,DB1,27,01-DB1-27-0027,No,NONE,DC,V,1,0,-9.99,-9.99,9.99,9.99
1,28,DB1,28,01-DB1-28-0028,No,NONE,DC,V,1,0,-9.99,-9.99,9.99,9.99
1,29,DB1,29,01-DB1-29-0029,No,NONE,DC,V,1,0,-9.99,-9.99,9.99,9.99
1,30,DB1,30,01-DB1-30-0030,No,NONE,DC,V,1,0,-9.99,-9.99,9.99,9.99
1,31,DB1,31,01-DB1-31-0031,No,NONE,DC,V,1,0,-9.99,-9.99,9.99,9.99
1,32,DB1,32,01-DB1-32-0032,No,NONE,DC,V,1,0,-9.99,-9.99,9.99,9.99
2,1,DB2,33,02-DB2-01-0033,No,NONE,DC,V,1,0,-9.99,-9.99,9.99,9.99
2,2,DB2,34,02-DB2-02-0034,No,NONE,DC,V,1,0,-9.99,-9.99,9.99,9.99
2,3,DB2,35,02-DB2-03-0035,No,NONE,DC,V,1,0,-9.99,-9.99,9.99,9.99
2,4,DB2,36,02-DB2-04-0036,No,NONE,DC,V,1,0,-9.99,-9.99,9.99,9.99
2,5,DB2,37,02-DB2-05-0037,No,NONE,DC,V,1,0,-9.99,-9.99,9.99,9.99
2,6,DB2,38,02-DB2-06-0038,No,NONE,DC,V,1,0,-9.99,-9.99,9.99,9.99
2,7,DB2,39,02-DB2-07-0039,No,NONE,DC,V,1,0,-9.99,-9.99,9.99,9.99
2,8,DB2,40,02-DB2-08-0040,No,NONE,DC,V,1,0,-9.99,-9.99,9.99,9.99
2,9,DB2,41,02-DB2-09-0041,No,NONE,DC,V,1,0,-9.99,-9.99,9.99,9.99
2,10,DB2,42,02-DB2-10-0042,No,NONE,DC,V,1,0,-9.99,-9.99,9.99,9.99
2,11,DB2,43,02-DB2-11-0043,No,NONE,DC,V,1,0,-9.99,-9.99,9.99,9.99
2,12,DB2,44,02-DB2-12-0044,No,NONE,DC,V,1,0,-9.99,-9.99,9.99,9.99
2,13,DB2,45,02-DB2-13-0045,No,NONE,DC,V,1,0,-9.99,-9.99,9.99,9.99
2,14,DB2,46,02-DB2-14-0046,No,NONE,DC,V,1,0,-9.99,-9.99,9.99,9.99
2,15,DB2,47,02-DB2-15-0047,No,NONE,DC,V,1,0,-9.99,-9.99,9.99,9.99
2,16,DB2,48,02-DB2-16-0048,No,NONE,DC,V,1,0,-9.99,-9.99,9.99,9.99
2,17,DB1,49,02-DB1-17-0049,No,NONE,DC,V,1,0,-9.99,-9.99,9.99,9.99
2,18,DB1,50,02-DB1-18-0050,No,NONE,DC,V,1,0,-9.99,-9.99,9.99,9.99
2,19,DB1,51,02-DB1-19-0051,No,NONE,DC,V,1,0,-9.99,-9.99,9.99,9.99
2,20,DB1,52,02-DB1-20-0052,No,NONE,DC,V,1,0,-9.99,-9.99,9.99,9.99
2,21,DB1,53,02-DB1-21-0053,No,NONE,DC,V,1,0,-9.99,-9.99,9.99,9.99
2,22,DB1,54,02-DB1-22-0054,No,NONE,DC,V,1,0,-9.99,-9.99,9.99,9.99
2,23,DB1,55,02-DB1-23-0055,No,NONE,DC,V,1,0,-9.99,-9.99,9.99,9.99
2,24,DB1,56,02-DB1-24-0056,No,NONE,DC,V,1,0,-9.99,-9.99,9.99,9.99
2,25,DB1,57,02-DB1-25-0057,No,NONE,DC,V,1,0,-9.99,-9.99,9.99,9.99
2,26,DB1,58,02-DB1-26-0058,No,NONE,DC,V,1,0,-9.99,-9.99,9.99,9.99
2,27,DB1,59,02-DB1-27-0059,No,NONE,DC,V,1,0,-9.99,-9.99,9.99,9.99
2,28,DB1,60,02-DB1-28-0060,No,NONE,DC,V,1,0,-9.99,-9.99,9.99,9.99
2,29,DB1,61,02-DB1-29-0061,No,NONE,DC,V,1,0,-9.99,-9.99,9.99,9.99
2,30,DB1,62,02-DB1-30-0062,No,NONE,DC,V,1,0,-9.99,-9.99,9.99,9.99
2,31,DB1,63,02-DB1-31-0063,No,NONE,DC,V,1,0,-9.99,-9.99,9.99,9.99
2,32,DB1,64,02-DB1-32-0064,No,NONE,DC,V,1,0,-9.99,-9.99,9.99,9.99
3,1,DB2,65,03-DB2-01-0065,No,NONE,DC,V,1,0,-9.99,-9.99,9.99,9.99
3,2,DB2,66,03-DB2-02-0066,No,NONE,DC,V,1,0,-9.99,-9.99,9.99,9.99
3,3,DB2,67,03-DB2-03-0067,No,NONE,DC,V,1,0,-9.99,-9.99,9.99,9.99
3,4,DB2,68,03-DB2-04-0068,No,NONE,DC,V,1,0,-9.99,-9.99,9.99,9.99
3,5,DB2,69,03-DB2-05-0069,No,NONE,DC,V,1,0,-9.99,-9.99,9.99,9.99
3,6,DB2,70,03-DB2-06-0070,No,NONE,DC,V,1,0,-9.99,-9.99,9.99,9.99
3,7,DB2,71,03-DB2-07-0071,No,NONE,DC,V,1,0,-9.99,-9.99,9.99,9.99
3,8,DB2,72,03-DB2-08-0072,No,NONE,DC,V,1,0,-9.99,-9.99,9.99,9.99
3,9,DB2,73,03-DB2-09-0073,No,NONE,DC,V,1,0,-9.99,-9.99,9.99,9.99
3,10,DB2,74,03-DB2-10-0074,No,NONE,DC,V,1,0,-9.99,-9.99,9.99,9.99
3,11,DB2,75,03-DB2-11-0075,No,NONE,DC,V,1,0,-9.99,-9.99,9.99,9.99
3,12,DB2,76,03-DB2-12-0076,No,NONE,DC,V,1,0,-9.99,-9.99,9.99,9.99
3,13,DB2,77,03-DB2-13-0077,No,NONE,DC,V,1,0,-9.99,-9.99,9.99,9.99
3,14,DB2,78,03-DB2-14-0078,No,NONE,DC,V,1,0,-9.99,-9.99,9.99,9.99
3,15,DB2,79,03-DB2-15-0079,No,NONE,DC,V,1,0,-9.99,-9.99,9.99,9.99
3,16,DB2,80,03-DB2-16-0080,No,NONE,DC,V,1,0,-9.99,-9.99,9.99,9.99
3,17,DB1,81,03-DB1-17-0081,No,NONE,DC,V,1,0,-9.99,-9.99,9.99,9.99
3,18,DB1,82,03-DB1-18-0082,No,NONE,DC,V,1,0,-9.99,-9.99,9.99,9.99
3,19,DB1,83,03-DB1-19-0083,No,NONE,DC,V,1,0,-9.99,-9.99,9.99,9.99
3,20,DB1,84,03-DB1-20-0084,No,NONE,DC,V,1,0,-9.99,-9.99,9.99,9.99
3,21,DB1,85,03-DB1-21-0085,No,NONE,DC,V,1,0,-9.99,-9.99,9.99,9.99
3,22,DB1,86,03-DB1-22-0086,No,NONE,DC,V,1,0,-9.99,-9.99,9.99,9.99
3,23,DB1,87,03-DB1-23-0087,No,NONE,DC,V,1,0,-9.99,-9.99,9.99,9.99
3,24,DB1,88,03-DB1-24-0088,No,NONE,DC,V,1,0,-9.99,-9.99,9.99,9.99
3,25,DB1,89,03-DB1-25-0089,No,NONE,DC,V,1,0,-9.99,-9.99,9.99,9.99
3,26,DB1,90,03-DB1-26-0090,No,NONE,DC,V,1,0,-9.99,-9.99,9.99,9.99
3,27,DB1,91,03-DB1-27-0091,No,NONE,DC,V,1,0,-9.99,-9.99,9.99,9.99
3,28,DB1,92,03-DB1-28-0092,No,NONE,DC,V,1,0,-9.99,-9.99,9.99,9.99
3,29,DB1,93,03-DB1-29-0093,No,NONE,DC,V,1,0,-9.99,-9.99,9.99,9.99
3,30,DB1,94,03-DB1-30-0094,No,NONE,DC,V,1,0,-9.99,-9.99,9.99,9.99
3,31,DB1,95,03-DB1-31-0095,No,NONE,DC,V,1,0,-9.99,-9.99,9.99,9.99
3,32,DB1,96,03-DB1-32-0096,No,NONE,DC,V,1,0,-9.99,-9.99,9.99,9.99
4,1,DB2,97,04-DB2-01-0097,No,NONE,DC,V,1,0,-9.99,-9.99,9.99,9.99
4,2,DB2,98,04-DB2-02-0098,No,NONE,DC,V,1,0,-9.99,-9.99,9.99,9.99
4,3,DB2,99,04-DB2-03-0099,No,NONE,DC,V,1,0,-9.99,-9.99,9.99,9.99
4,4,DB2,100,04-DB2-04-0100,No,NONE,DC,V,1,0,-9.99,-9.99,9.99,9.99
4,5,DB2,101,04-DB2-05-0101,No,NONE,DC,V,1,0,-9.99,-9.99,9.99,9.99
4,6,DB2,102,04-DB2-06-0102,No,NONE,DC,V,1,0,-9.99,-9.99,9.99,9.99
4,7,DB2,103,04-DB2-07-0103,No,NONE,DC,V,1,0,-9.99,-9.99,9.99,9.99
4,8,DB2,104,04-DB2-08-0104,No,NONE,DC,V,1,0,-9.99,-9.99,9.99,9.99
4,9,DB2,105,04-DB2-09-0105,No,NONE,DC,V,1,0,-9.99,-9.99,9.99,9.99
4,10,DB2,106,04-DB2-10-0106,No,NONE,DC,V,1,0,-9.99,-9.99,9.99,9.99
4,11,DB2,107,04-DB2-11-0107,No,NONE,DC,V,1,0,-9.99,-9.99,9.99,9.99
4,12,DB2,108,04-DB2-12-0108,No,NONE,DC,V,1,0,-9.99,-9.99,9.99,9.99
4,13,DB2,109,04-DB2-13-0109,No,NONE,DC,V,1,0,-9.99,-9.99,9.99,9.99
4,14,DB2,110,04-DB2-14-0110,No,NONE,DC,V,1,0,-9.99,-9.99,9.99,9.99
4,15,DB2,111,04-DB2-15-0111,No,NONE,DC,V,1,0,-9.99,-9.99,9.99,9.99
4,16,DB2,112,04-DB2-16-0112,No,NONE,DC,V,1,0,-9.99,-9.99,9.99,9.99
4,17,DB1,113,04-DB1-17-0113,No,NONE,DC,V,1,0,-9.99,-9.99,9.99,9.99
4,18,DB1,114,04-DB1-18-0114,No,NONE,DC,V,1,0,-9.99,-9.99,9.99,9.99
4,19,DB1,115,04-DB1-19-0115,No,NONE,DC,V,1,0,-9.99,-9.99,9.99,9.99
4,20,DB1,116,04-DB1-20-0116,No,NONE,DC,V,1,0,-9.99,-9.99,9.99,9.99
4,21,DB1,117,04-DB1-21-0117,No,NONE,DC,V,1,0,-9.99,-9.99,9.99,9.99
4,22,DB1,118,04-DB1-22-0118,No,NONE,DC,V,1,0,-9.99,-9.99,9.99,9.99
4,23,DB1,119,04-DB1-23-0119,No,NONE,DC,V,1,0,-9.99,-9.99,9.99,9.99
4,24,DB1,120,04-DB1-24-0120,No,NONE,DC,V,1,0,-9.99,-9.99,9.99,9.99
4,25,DB1,121,04-DB1-25-0121,No,NONE,DC,V,1,0,-9.99,-9.99,9.99,9.99
4,26,DB1,122,04-DB1-26-0122,No,NONE,DC,V,1,0,-9.99,-9.99,9.99,9.99
4,27,DB1,123,04-DB1-27-0123,No,NONE,DC,V,1,0,-9.99,-9.99,9.99,9.99
4,28,DB1,124,04-DB1-28-0124,No,NONE,DC,V,1,0,-9.99,-9.99,9.99,9.99
4,29,DB1,125,04-DB1-29-0125,No,NONE,DC,V,1,0,-9.99,-9.99,9.99,9.99
4,30,DB1,126,04-DB1-30-0126,No,NONE,DC,V,1,0,-9.99,-9.99,9.99,9.99
4,31,DB1,127,04-DB1-31-0127,No,NONE,DC,V,1,0,-9.99,-9.99,9.99,9.99
4,32,DB1,128,04-DB1-32-0128,No,NONE,DC,V,1,0,-9.99,-9.99,9.99,9.99
5,1,DB2,129,05-DB2-01-0129,No,NONE,DC,V,1,0,-9.99,-9.99,9.99,9.99
5,2,DB2,130,05-DB2-02-0130,No,NONE,DC,V,1,0,-9.99,-9.99,9.99,9.99
5,3,DB2,131,05-DB2-03-0131,No,NONE,DC,V,1,0,-9.99,-9.99,9.99,9.99
5,4,DB2,132,05-DB2-04-0132,No,NONE,DC,V,1,0,-9.99,-9.99,9.99,9.99
5,5,DB2,133,05-DB2-05-0133,No,NONE,DC,V,1,0,-9.99,-9.99,9.99,9.99
5,6,DB2,134,05-DB2-06-0134,No,NONE,DC,V,1,0,-9.99,-9.99,9.99,9.99
5,7,DB2,135,05-DB2-07-0135,No,NONE,DC,V,1,0,-9.99,-9.99,9.99,9.99
5,8,DB2,136,05-DB2-08-0136,No,NONE,DC,V,1,0,-9.99,-9.99,9.99,9.99
5,9,DB2,137,05-DB2-09-0137,No,NONE,DC,V,1,0,-9.99,-9.99,9.99,9.99
5,10,DB2,138,05-DB2-10-0138,No,NONE,DC,V,1,0,-9.99,-9.99,9.99,9.99
5,11,DB2,139,05-DB2-11-0139,No,NONE,DC,V,1,0,-9.99,-9.99,9.99,9.99
5,12,DB2,140,05-DB2-12-0140,No,NONE,DC,V,1,0,-9.99,-9.99,9.99,9.99
5,13,DB2,141,05-DB2-13-0141,No,NONE,DC,V,1,0,-9.99,-9.99,9.99,9.99
5,14,DB2,142,05-DB2-14-0142,No,NONE,DC,V,1,0,-9.99,-9.99,9.99,9.99
5,15,DB2,143,05-DB2-15-0143,No,NONE,DC,V,1,0,-9.99,-9.99,9.99,9.99
5,16,DB2,144,05-DB2-16-0144,No,NONE,DC,V,1,0,-9.99,-9.99,9.99,9.99
5,17,DB1,145,05-DB1-17-0145,No,NONE,DC,V,1,0,-9.99,-9.99,9.99,9.99
5,18,DB1,146,05-DB1-18-0146,No,NONE,DC,V,1,0,-9.99,-9.99,9.99,9.99
5,19,DB1,147,05-DB1-19-0147,No,NONE,DC,V,1,0,-9.99,-9.99,9.99,9.99
5,20,DB1,148,05-DB1-20-0148,No,NONE,DC,V,1,0,-9.99,-9.99,9.99,9.99
5,21,DB1,149,05-DB1-21-0149,No,NONE,DC,V,1,0,-9.99,-9.99,9.99,9.99
5,22,DB1,150,05-DB1-22-0150,No,NONE,DC,V,1,0,-9.99,-9.99,9.99,9.99
5,23,DB1,151,05-DB1-23-0151,No,NONE,DC,V,1,0,-9.99,-9.99,9.99,9.99
5,24,DB1,152,05-DB1-24-0152,No,NONE,DC,V,1,0,-9.99,-9.99,9.99,9.99
5,25,DB1,153,05-DB1-25-0153,No,NONE,DC,V,1,0,-9.99,-9.99,9.99,9.99
5,26,DB1,154,05-DB1-26-0154,No,NONE,DC,V,1,0,-9.99,-9.99,9.99,9.99
5,27,DB1,155,05-DB1-27-0155,No,NONE,DC,V,1,0,-9.99,-9.99,9.99,9.99
5,28,DB1,156,05-DB1-28-0156,No,NONE,DC,V,1,0,-9.99,-9.99,9.99,9.99
5,29,DB1,157,05-DB1-29-0157,No,NONE,DC,V,1,0,-9.99,-9.99,9.99,9.99
5,30,DB1,158,05-DB1-30-0158,No,NONE,DC,V,1,0,-9.99,-9.99,9.99,9.99
5,31,DB1,159,05-DB1-31-0159,No,NONE,DC,V,1,0,-9.99,-9.99,9.99,9.99
5,32,DB1,160,05-DB1-32-0160,No,NONE,DC,V,1,0,-9.99,-9.99,9.99,9.99
6,1,DB2,161,06-DB2-01-0161,No,NONE,DC,V,1,0,-9.99,-9.99,9.99,9.99
6,2,DB2,162,06-DB2-02-0162,No,NONE,DC,V,1,0,-9.99,-9.99,9.99,9.99
6,3,DB2,163,06-DB2-03-0163,No,NONE,DC,V,1,0,-9.99,-9.99,9.99,9.99
6,4,DB2,164,06-DB2-04-0164,No,NONE,DC,V,1,0,-9.99,-9.99,9.99,9.99
6,5,DB2,165,06-DB2-05-0165,No,NONE,DC,V,1,0,-9.99,-9.99,9.99,9.99
6,6,DB2,166,06-DB2-06-0166,No,NONE,DC,V,1,0,-9.99,-9.99,9.99,9.99
6,7,DB2,167,06-DB2-07-0167,No,NONE,DC,V,1,0,-9.99,-9.99,9.99,9.99
6,8,DB2,168,06-DB2-08-0168,No,NONE,DC,V,1,0,-9.99,-9.99,9.99,9.99
6,9,DB2,169,06-DB2-09-0169,No,NONE,DC,V,1,0,-9.99,-9.99,9.99,9.99
6,10,DB2,170,06-DB2-10-0170,No,NONE,DC,V,1,0,-9.99,-9.99,9.99,9.99
6,11,DB2,171,06-DB2-11-0171,No,NONE,DC,V,1,0,-9.99,-9.99,9.99,9.99
6,12,DB2,172,06-DB2-12-0172,No,NONE,DC,V,1,0,-9.99,-9.99,9.99,9.99
6,13,DB2,173,06-DB2-13-0173,No,NONE,DC,V,1,0,-9.99,-9.99,9.99,9.99
6,14,DB2,174,06-DB2-14-0174,No,NONE,DC,V,1,0,-9.99,-9.99,9.99,9.99
6,15,DB2,175,06-DB2-15-0175,No,NONE,DC,V,1,0,-9.99,-9.99,9.99,9.99
6,16,DB2,176,06-DB2-16-0176,No,NONE,DC,V,1,0,-9.99,-9.99,9.99,9.99
6,17,DB1,177,06-DB1-17-0177,No,NONE,DC,V,1,0,-9.99,-9.99,9.99,9.99
6,18,DB1,178,06-DB1-18-0178,No,NONE,DC,V,1,0,-9.99,-9.99,9.99,9.99
6,19,DB1,179,06-DB1-19-0179,No,NONE,DC,V,1,0,-9.99,-9.99,9.99,9.99
6,20,DB1,180,06-DB1-20-0180,No,NONE,DC,V,1,0,-9.99,-9.99,9.99,9.99
6,21,DB1,181,06-DB1-21-0181,No,NONE,DC,V,1,0,-9.99,-9.99,9.99,9.99
6,22,DB1,182,06-DB1-22-0182,No,NONE,DC,V,1,0,-9.99,-9.99,9.99,9.99
6,23,DB1,183,06-DB1-23-0183,No,NONE,DC,V,1,0,-9.99,-9.99,9.99,9.99
6,24,DB1,184,06-DB1-24-0184,No,NONE,DC,V,1,0,-9.99,-9.99,9.99,9.99
6,25,DB1,185,06-DB1-25-0185,No,NONE,DC,V,1,0,-9.99,-9.99,9.99,9.99
6,26,DB1,186,06-DB1-26-0186,No,NONE,DC,V,1,0,-9.99,-9.99,9.99,9.99
6,27,DB1,187,06-DB1-27-0187,No,NONE,DC,V,1,0,-9.99,-9.99,9.99,9.99
6,28,DB1,188,06-DB1-28-0188,No,NONE,DC,V,1,0,-9.99,-9.99,9.99,9.99
6,29,DB1,189,06-DB1-29-0189,No,NONE,DC,V,1,0,-9.99,-9.99,9.99,9.99
6,30,DB1,190,06-DB1-30-0190,No,NONE,DC,V,1,0,-9.99,-9.99,9.99,9.99
6,31,DB1,191,06-DB1-31-0191,No,NONE,DC,V,1,0,-9.99,-9.99,9.99,9.99
6,32,DB1,192,06-DB1-32-0192,No,NONE,DC,V,1,0,-9.99,-9.99,9.99,9.99
7,1,DB2,193,07-DB2-01-0193,No,NONE,DC,V,1,0,-9.99,-9.99,9.99,9.99
7,2,DB2,194,07-DB2-02-0194,No,NONE,DC,V,1,0,-9.99,-9.99,9.99,9.99
7,3,DB2,195,07-DB2-03-0195,No,NONE,DC,V,1,0,-9.99,-9.99,9.99,9.99
7,4,DB2,196,07-DB2-04-0196,No,NONE,DC,V,1,0,-9.99,-9.99,9.99,9.99
7,5,DB2,197,07-DB2-05-0197,No,NONE,DC,V,1,0,-9.99,-9.99,9.99,9.99
7,6,DB2,198,07-DB2-06-0198,No,NONE,DC,V,1,0,-9.99,-9.99,9.99,9.99
7,7,DB2,199,07-DB2-07-0199,No,NONE,DC,V,1,0,-9.99,-9.99,9.99,9.99
7,8,DB2,200,07-DB2-08-0200,No,NONE,DC,V,1,0,-9.99,-9.99,9.99,9.99
7,9,DB2,201,07-DB2-09-0201,No,NONE,DC,V,1,0,-9.99,-9.99,9.99,9.99
7,10,DB2,202,07-DB2-10-0202,No,NONE,DC,V,1,0,-9.99,-9.99,9.99,9.99
7,11,DB2,203,07-DB2-11-0203,No,NONE,DC,V,1,0,-9.99,-9.99,9.99,9.99
7,12,DB2,204,07-DB2-12-0204,No,NONE,DC,V,1,0,-9.99,-9.99,9.99,9.99
7,13,DB2,205,07-DB2-13-0205,No,NONE,DC,V,1,0,-9.99,-9.99,9.99,9.99
7,14,DB2,206,07-DB2-14-0206,No,NONE,DC,V,1,0,-9.99,-9.99,9.99,9.99
7,15,DB2,207,07-DB2-15-0207,No,NONE,DC,V,1,0,-9.99,-9.99,9.99,9.99
7,16,DB2,208,07-DB2-16-0208,No,NONE,DC,V,1,0,-9.99,-9.99,9.99,9.99
7,17,DB1,209,07-DB1-17-0209,No,NONE,DC,V,1,0,-9.99,-9.99,9.99,9.99
7,18,DB1,210,07-DB1-18-0210,No,NONE,DC,V,1,0,-9.99,-9.99,9.99,9.99
7,19,DB1,211,07-DB1-19-0211,No,NONE,DC,V,1,0,-9.99,-9.99,9.99,9.99
7,20,DB1,212,07-DB1-20-0212,No,NONE,DC,V,1,0,-9.99,-9.99,9.99,9.99
7,21,DB1,213,07-DB1-21-0213,No,NONE,DC,V,1,0,-9.99,-9.99,9.99,9.99
7,22,DB1,214,07-DB1-22-0214,No,NONE,DC,V,1,0,-9.99,-9.99,9.99,9.99
7,23,DB1,215,07-DB1-23-0215,No,NONE,DC,V,1,0,-9.99,-9.99,9.99,9.99
7,24,DB1,216,07-DB1-24-0216,No,NONE,DC,V,1,0,-9.99,-9.99,9.99,9.99
7,25,DB1,217,07-DB1-25-0217,No,NONE,DC,V,1,0,-9.99,-9.99,9.99,9.99
7,26,DB1,218,07-DB1-26-0218,No,NONE,DC,V,1,0,-9.99,-9.99,9.99,9.99
7,27,DB1,219,07-DB1-27-0219,No,NONE,DC,V,1,0,-9.99,-9.99,9.99,9.99
7,28,DB1,220,07-DB1-28-0220,No,NONE,DC,V,1,0,-9.99,-9.99,9.99,9.99
7,29,DB1,221,07-DB1-29-0221,No,NONE,DC,V,1,0,-9.99,-9.99,9.99,9.99
7,30,DB1,222,07-DB1-30-0222,No,NONE,DC,V,1,0,-9.99,-9.99,9.99,9.99
7,31,DB1,223,07-DB1-31-0223,No,NONE,DC,V,1,0,-9.99,-9.99,9.99,9.99
7,32,DB1,224,07-DB1-32-0224,No,NONE,DC,V,1,0,-9.99,-9.99,9.99,9.99
8,1,DB2,225,08-DB2-01-0225,No,NONE,DC,V,1,0,-9.99,-9.99,9.99,9.99
8,2,DB2,226,08-DB2-02-0226,No,NONE,DC,V,1,0,-9.99,-9.99,9.99,9.99
8,3,DB2,227,08-DB2-03-0227,No,NONE,DC,V,1,0,-9.99,-9.99,9.99,9.99
8,4,DB2,228,08-DB2-04-0228,No,NONE,DC,V,1,0,-9.99,-9.99,9.99,9.99
8,5,DB2,229,08-DB2-05-0229,No,NONE,DC,V,1,0,-9.99,-9.99,9.99,9.99
8,6,DB2,230,08-DB2-06-0230,No,NONE,DC,V,1,0,-9.99,-9.99,9.99,9.99
8,7,DB2,231,08-DB2-07-0231,No,NONE,DC,V,1,0,-9.99,-9.99,9.99,9.99
8,8,DB2,232,08-DB2-08-0232,No,NONE,DC,V,1,0,-9.99,-9.99,9.99,9.99
8,9,DB2,233,08-DB2-09-0233,No,NONE,DC,V,1,0,-9.99,-9.99,9.99,9.99
8,10,DB2,234,08-DB2-10-0234,No,NONE,DC,V,1,0,-9.99,-9.99,9.99,9.99
8,11,DB2,235,08-DB2-11-0235,No,NONE,DC,V,1,0,-9.99,-9.99,9.99,9.99
8,12,DB2,236,08-DB2-12-0236,No,NONE,DC,V,1,0,-9.99,-9.99,9.99,9.99
8,13,DB2,237,08-DB2-13-0237,No,NONE,DC,V,1,0,-9.99,-9.99,9.99,9.99
8,14,DB2,238,08-DB2-14-0238,No,NONE,DC,V,1,0,-9.99,-9.99,9.99,9.99
8,15,DB2,239,08-DB2-15-0239,No,NONE,DC,V,1,0,-9.99,-9.99,9.99,9.99
8,16,DB2,240,08-DB2-16-0240,No,NONE,DC,V,1,0,-9.99,-9.99,9.99,9.99
8,17,DB1,241,08-DB1-17-0241,No,NONE,DC,V,1,0,-9.99,-9.99,9.99,9.99
8,18,DB1,242,08-DB1-18-0242,No,NONE,DC,V,1,0,-9.99,-9.99,9.99,9.99
8,19,DB1,243,08-DB1-19-0243,No,NONE,DC,V,1,0,-9.99,-9.99,9.99,9.99
8,20,DB1,244,08-DB1-20-0244,No,NONE,DC,V,1,0,-9.99,-9.99,9.99,9.99
8,21,DB1,245,08-DB1-21-0245,No,NONE,DC,V,1,0,-9.99,-9.99,9.99,9.99
8,22,DB1,246,08-DB1-22-0246,No,NONE,DC,V,1,0,-9.99,-9.99,9.99,9.99
8,23,DB1,247,08-DB1-23-0247,No,NONE,DC,V,1,0,-9.99,-9.99,9.99,9.99
8,24,DB1,248,08-DB1-24-0248,No,NONE,DC,V,1,0,-9.99,-9.99,9.99,9.99
8,25,DB1,249,08-DB1-25-0249,No,NONE,DC,V,1,0,-9.99,-9.99,9.99,9.99
8,26,DB1,250,08-DB1-26-0250,No,NONE,DC,V,1,0,-9.99,-9.99,9.99,9.99
8,27,DB1,251,08-DB1-27-0251,No,NONE,DC,V,1,0,-9.99,-9.99,9.99,9.99
8,28,DB1,252,08-DB1-28-0252,No,NONE,DC,V,1,0,-9.99,-9.99,9.99,9.99
8,29,DB1,253,08-DB1-29-0253,No,NONE,DC,V,1,0,-9.99,-9.99,9.99,9.99
8,30,DB1,254,08-DB1-30-0254,No,NONE,DC,V,1,0,-9.99,-9.99,9.99,9.99
8,31,DB1,255,08-DB1-31-0255,No,NONE,DC,V,1,0,-9.99,-9.99,9.99,9.99
8,32,DB1,256,08-DB1-32-0256,No,NONE,DC,V,1,0,-9.99,-9.99,9.99,9.99
9,1,DB2,257,09-DB2-01-0257,No,NONE,DC,V,1,0,-9.99,-9.99,9.99,9.99
9,2,DB2,258,09-DB2-02-0258,No,NONE,DC,V,1,0,-9.99,-9.99,9.99,9.99
9,3,DB2,259,09-DB2-03-0259,No,NONE,DC,V,1,0,-9.99,-9.99,9.99,9.99
9,4,DB2,260,09-DB2-04-0260,No,NONE,DC,V,1,0,-9.99,-9.99,9.99,9.99
9,5,DB2,261,09-DB2-05-0261,No,NONE,DC,V,1,0,-9.99,-9.99,9.99,9.99
9,6,DB2,262,09-DB2-06-0262,No,NONE,DC,V,1,0,-9.99,-9.99,9.99,9.99
9,7,DB2,263,09-DB2-07-0263,No,NONE,DC,V,1,0,-9.99,-9.99,9.99,9.99
9,8,DB2,264,09-DB2-08-0264,No,NONE,DC,V,1,0,-9.99,-9.99,9.99,9.99
9,9,DB2,265,09-DB2-09-0265,No,NONE,DC,V,1,0,-9.99,-9.99,9.99,9.99
9,10,DB2,266,09-DB2-10-0266,No,NONE,DC,V,1,0,-9.99,-9.99,9.99,9.99
9,11,DB2,267,09-DB2-11-0267,No,NONE,DC,V,1,0,-9.99,-9.99,9.99,9.99
9,12,DB2,268,09-DB2-12-0268,No,NONE,DC,V,1,0,-9.99,-9.99,9.99,9.99
9,13,DB2,269,09-DB2-13-0269,No,NONE,DC,V,1,0,-9.99,-9.99,9.99,9.99
9,14,DB2,270,09-DB2-14-0270,No,NONE,DC,V,1,0,-9.99,-9.99,9.99,9.99
9,15,DB2,271,09-DB2-15-0271,No,NONE,DC,V,1,0,-9.99,-9.99,9.99,9.99
9,16,DB2,272,09-DB2-16-0272,No,NONE,DC,V,1,0,-9.99,-9.99,9.99,9.99
9,17,DB1,273,09-DB1-17-0273,No,NONE,DC,V,1,0,-9.99,-9.99,9.99,9.99
9,18,DB1,274,09-DB1-18-0274,No,NONE,DC,V,1,0,-9.99,-9.99,9.99,9.99
9,19,DB1,275,09-DB1-19-0275,No,NONE,DC,V,1,0,-9.99,-9.99,9.99,9.99
9,20,DB1,276,09-DB1-20-0276,No,NONE,DC,V,1,0,-9.99,-9.99,9.99,9.99
9,21,DB1,277,09-DB1-21-0277,No,NONE,DC,V,1,0,-9.99,-9.99,9.99,9.99
9,22,DB1,278,09-DB1-22-0278,No,NONE,DC,V,1,0,-9.99,-9.99,9.99,9.99
9,23,DB1,279,09-DB1-23-0279,No,NONE,DC,V,1,0,-9.99,-9.99,9.99,9.99
9,24,DB1,280,09-DB1-24-0280,No,NONE,DC,V,1,0,-9.99,-9.99,9.99,9.99
9,25,DB1,281,09-DB1-25-0281,No,NONE,DC,V,1,0,-9.99,-9.99,9.99,9.99
9,26,DB1,282,09-DB1-26-0282,No,NONE,DC,V,1,0,-9.99,-9.99,9.99,9.99
9,27,DB1,283,09-DB1-27-0283,No,NONE,DC,V,1,0,-9.99,-9.99,9.99,9.99
9,28,DB1,284,09-DB1-28-0284,No,NONE,DC,V,1,0,-9.99,-9.99,9.99,9.99
9,29,DB1,285,09-DB1-29-0285,No,NONE,DC,V,1,0,-9.99,-9.99,9.99,9.99
9,30,DB1,286,09-DB1-30-0286,No,NONE,DC,V,1,0,-9.99,-9.99,9.99,9.99
9,31,DB1,287,09-DB1-31-0287,No,NONE,DC,V,1,0,-9.99,-9.99,9.99,9.99
9,32,DB1,288,09-DB1-32-0288,No,NONE,DC,V,1,0,-9.99,-9.99,9.99,9.99
10,1,DB2,289,10-DB2-01-0289,No,NONE,DC,V,1,0,-9.99,-9.99,9.99,9.99
10,2,DB2,290,10-DB2-02-0290,No,NONE,DC,V,1,0,-9.99,-9.99,9.99,9.99
10,3,DB2,291,10-DB2-03-0291,No,NONE,DC,V,1,0,-9.99,-9.99,9.99,9.99
10,4,DB2,292,10-DB2-04-0292,No,NONE,DC,V,1,0,-9.99,-9.99,9.99,9.99
10,5,DB2,293,10-DB2-05-0293,No,NONE,DC,V,1,0,-9.99,-9.99,9.99,9.99
10,6,DB2,294,10-DB2-06-0294,No,NONE,DC,V,1,0,-9.99,-9.99,9.99,9.99
10,7,DB2,295,10-DB2-07-0295,No,NONE,DC,V,1,0,-9.99,-9.99,9.99,9.99
10,8,DB2,296,10-DB2-08-0296,No,NONE,DC,V,1,0,-9.99,-9.99,9.99,9.99
10,9,DB2,297,10-DB2-09-0297,No,NONE,DC,V,1,0,-9.99,-9.99,9.99,9.99
10,10,DB2,298,10-DB2-10-0298,No,NONE,DC,V,1,0,-9.99,-9.99,9.99,9.99
10,11,DB2,299,10-DB2-11-0299,No,NONE,DC,V,1,0,-9.99,-9.99,9.99,9.99
10,12,DB2,300,10-DB2-12-0300,No,NONE,DC,V,1,0,-9.99,-9.99,9.99,9.99
10,13,DB2,301,10-DB2-13-0301,No,NONE,DC,V,1,0,-9.99,-9.99,9.99,9.99
10,14,DB2,302,10-DB2-14-0302,No,NONE,DC,V,1,0,-9.99,-9.99,9.99,9.99
10,15,DB2,303,10-DB2-15-0303,No,NONE,DC,V,1,0,-9.99,-9.99,9.99,9.99
10,16,DB2,304,10-DB2-16-0304,No,NONE,DC,V,1,0,-9.99,-9.99,9.99,9.99
10,17,DB1,305,10-DB1-17-0305,No,NONE,DC,V,1,0,-9.99,-9.99,9.99,9.99
10,18,DB1,306,10-DB1-18-0306,No,NONE,DC,V,1,0,-9.99,-9.99,9.99,9.99
10,19,DB1,307,10-DB1-19-0307,No,NONE,DC,V,1,0,-9.99,-9.99,9.99,9.99
10,20,DB1,308,10-DB1-20-0308,No,NONE,DC,V,1,0,-9.99,-9.99,9.99,9.99
10,21,DB1,309,10-DB1-21-0309,No,NONE,DC,V,1,0,-9.99,-9.99,9.99,9.99
10,22,DB1,310,10-DB1-22-0310,No,NONE,DC,V,1,0,-9.99,-9.99,9.99,9.99
10,23,DB1,311,10-DB1-23-0311,No,NONE,DC,V,1,0,-9.99,-9.99,9.99,9.99
10,24,DB1,312,10-DB1-24-0312,No,NONE,DC,V,1,0,-9.99,-9.99,9.99,9.99
10,25,DB1,313,10-DB1-25-0313,No,NONE,DC,V,1,0,-9.99,-9.99,9.99,9.99
10,26,DB1,314,10-DB1-26-0314,No,NONE,DC,V,1,0,-9.99,-9.99,9.99,9.99
10,27,DB1,315,10-DB1-27-0315,No,NONE,DC,V,1,0,-9.99,-9.99,9.99,9.99
10,28,DB1,316,10-DB1-28-0316,No,NONE,DC,V,1,0,-9.99,-9.99,9.99,9.99
10,29,DB1,317,10-DB1-29-0317,No,NONE,DC,V,1,0,-9.99,-9.99,9.99,9.99
10,30,DB1,318,10-DB1-30-0318,No,NONE,DC,V,1,0,-9.99,-9.99,9.99,9.99
10,31,DB1,319,10-DB1-31-0319,No,NONE,DC,V,1,0,-9.99,-9.99,9.99,9.99
10,32,DB1,320,10-DB1-32-0320,No,NONE,DC,V,1,0,-9.99,-9.99,9.99,9.99
11,1,DB2,321,11-DB2-01-0321,No,NONE,DC,V,1,0,-9.99,-9.99,9.99,9.99
11,2,DB2,322,11-DB2-02-0322,No,NONE,DC,V,1,0,-9.99,-9.99,9.99,9.99
11,3,DB2,323,11-DB2-03-0323,No,NONE,DC,V,1,0,-9.99,-9.99,9.99,9.99
11,4,DB2,324,11-DB2-04-0324,No,NONE,DC,V,1,0,-9.99,-9.99,9.99,9.99
11,5,DB2,325,11-DB2-05-0325,No,NONE,DC,V,1,0,-9.99,-9.99,9.99,9.99
11,6,DB2,326,11-DB2-06-0326,No,NONE,DC,V,1,0,-9.99,-9.99,9.99,9.99
11,7,DB2,327,11-DB2-07-0327,No,NONE,DC,V,1,0,-9.99,-9.99,9.99,9.99
11,8,DB2,328,11-DB2-08-0328,No,NONE,DC,V,1,0,-9.99,-9.99,9.99,9.99
11,9,DB2,329,11-DB2-09-0329,No,NONE,DC,V,1,0,-9.99,-9.99,9.99,9.99
11,10,DB2,330,11-DB2-10-0330,No,NONE,DC,V,1,0,-9.99,-9.99,9.99,9.99
11,11,DB2,331,11-DB2-11-0331,No,NONE,DC,V,1,0,-9.99,-9.99,9.99,9.99
11,12,DB2,332,11-DB2-12-0332,No,NONE,DC,V,1,0,-9.99,-9.99,9.99,9.99
11,13,DB2,333,11-DB2-13-0333,No,NONE,DC,V,1,0,-9.99,-9.99,9.99,9.99
11,14,DB2,334,11-DB2-14-0334,No,NONE,DC,V,1,0,-9.99,-9.99,9.99,9.99
11,15,DB2,335,11-DB2-15-0335,No,NONE,DC,V,1,0,-9.99,-9.99,9.99,9.99
11,16,DB2,336,11-DB2-16-0336,No,NONE,DC,V,1,0,-9.99,-9.99,9.99,9.99
11,17,DB1,337,11-DB1-17-0337,No,NONE,DC,V,1,0,-9.99,-9.99,9.99,9.99
11,18,DB1,338,11-DB1-18-0338,No,NONE,DC,V,1,0,-9.99,-9.99,9.99,9.99
11,19,DB1,339,11-DB1-19-0339,No,NONE,DC,V,1,0,-9.99,-9.99,9.99,9.99
11,20,DB1,340,11-DB1-20-0340,No,NONE,DC,V,1,0,-9.99,-9.99,9.99,9.99
11,21,DB1,341,11-DB1-21-0341,No,NONE,DC,V,1,0,-9.99,-9.99,9.99,9.99
11,22,DB1,342,11-DB1-22-0342,No,NONE,DC,V,1,0,-9.99,-9.99,9.99,9.99
11,23,DB1,343,11-DB1-23-0343,No,NONE,DC,V,1,0,-9.99,-9.99,9.99,9.99
11,24,DB1,344,11-DB1-24-0344,No,NONE,DC,V,1,0,-9.99,-9.99,9.99,9.99
11,25,DB1,345,11-DB1-25-0345,No,NONE,DC,V,1,0,-9.99,-9.99,9.99,9.99
11,26,DB1,346,11-DB1-26-0346,No,NONE,DC,V,1,0,-9.99,-9.99,9.99,9.99
11,27,DB1,347,11-DB1-27-0347,No,NONE,DC,V,1,0,-9.99,-9.99,9.99,9.99
11,28,DB1,348,11-DB1-28-0348,No,NONE,DC,V,1,0,-9.99,-9.99,9.99,9.99
11,29,DB1,349,11-DB1-29-0349,No,NONE,DC,V,1,0,-9.99,-9.99,9.99,9.99
11,30,DB1,350,11-DB1-30-0350,No,NONE,DC,V,1,0,-9.99,-9.99,9.99,9.99
11,31,DB1,351,11-DB1-31-0351,No,NONE,DC,V,1,0,-9.99,-9.99,9.99,9.99
11,32,DB1,352,11-DB1-32-0352,No,NONE,DC,V,1,0,-9.99,-9.99,9.99,9.99
12,1,DB2,353,12-DB2-01-0353,No,NONE,DC,V,1,0,-9.99,-9.99,9.99,9.99
12,2,DB2,354,12-DB2-02-0354,No,NONE,DC,V,1,0,-9.99,-9.99,9.99,9.99
12,3,DB2,355,12-DB2-03-0355,No,NONE,DC,V,1,0,-9.99,-9.99,9.99,9.99
12,4,DB2,356,12-DB2-04-0356,No,NONE,DC,V,1,0,-9.99,-9.99,9.99,9.99
12,5,DB2,357,12-DB2-05-0357,No,NONE,DC,V,1,0,-9.99,-9.99,9.99,9.99
12,6,DB2,358,12-DB2-06-0358,No,NONE,DC,V,1,0,-9.99,-9.99,9.99,9.99
12,7,DB2,359,12-DB2-07-0359,No,NONE,DC,V,1,0,-9.99,-9.99,9.99,9.99
12,8,DB2,360,12-DB2-08-0360,No,NONE,DC,V,1,0,-9.99,-9.99,9.99,9.99
12,9,DB2,361,12-DB2-09-0361,No,NONE,DC,V,1,0,-9.99,-9.99,9.99,9.99
12,10,DB2,362,12-DB2-10-0362,No,NONE,DC,V,1,0,-9.99,-9.99,9.99,9.99
12,11,DB2,363,12-DB2-11-0363,No,NONE,DC,V,1,0,-9.99,-9.99,9.99,9.99
12,12,DB2,364,12-DB2-12-0364,No,NONE,DC,V,1,0,-9.99,-9.99,9.99,9.99
12,13,DB2,365,12-DB2-13-0365,No,NONE,DC,V,1,0,-9.99,-9.99,9.99,9.99
12,14,DB2,366,12-DB2-14-0366,No,NONE,DC,V,1,0,-9.99,-9.99,9.99,9.99
12,15,DB2,367,12-DB2-15-0367,No,NONE,DC,V,1,0,-9.99,-9.99,9.99,9.99
12,16,DB2,368,12-DB2-16-0368,No,NONE,DC,V,1,0,-9.99,-9.99,9.99,9.99
12,17,DB1,369,12-DB1-17-0369,No,NONE,DC,V,1,0,-9.99,-9.99,9.99,9.99
12,18,DB1,370,12-DB1-18-0370,No,NONE,DC,V,1,0,-9.99,-9.99,9.99,9.99
12,19,DB1,371,12-DB1-19-0371,No,NONE,DC,V,1,0,-9.99,-9.99,9.99,9.99
12,20,DB1,372,12-DB1-20-0372,No,NONE,DC,V,1,0,-9.99,-9.99,9.99,9.99
12,21,DB1,373,12-DB1-21-0373,No,NONE,DC,V,1,0,-9.99,-9.99,9.99,9.99
12,22,DB1,374,12-DB1-22-0374,No,NONE,DC,V,1,0,-9.99,-9.99,9.99,9.99
12,23,DB1,375,12-DB1-23-0375,No,NONE,DC,V,1,0,-9.99,-9.99,9.99,9.99
12,24,DB1,376,12-DB1-24-0376,No,NONE,DC,V,1,0,-9.99,-9.99,9.99,9.99
12,25,DB1,377,12-DB1-25-0377,No,NONE,DC,V,1,0,-9.99,-9.99,9.99,9.99
12,26,DB1,378,12-DB1-26-0378,No,NONE,DC,V,1,0,-9.99,-9.99,9.99,9.99
12,27,DB1,379,12-DB1-27-0379,No,NONE,DC,V,1,0,-9.99,-9.99,9.99,9.99
12,28,DB1,380,12-DB1-28-0380,No,NONE,DC,V,1,0,-9.99,-9.99,9.99,9.99
12,29,DB1,381,12-DB1-29-0381,No,NONE,DC,V,1,0,-9.99,-9.99,9.99,9.99
12,30,DB1,382,12-DB1-30-0382,No,NONE,DC,V,1,0,-9.99,-9.99,9.99,9.99
12,31,DB1,383,12-DB1-31-0383,No,NONE,DC,V,1,0,-9.99,-9.99,9.99,9.99
12,32,DB1,384,12-DB1-32-0384,No,NONE,DC,V,1,0,-9.99,-9.99,9.99,9.99
13,1,DB2,385,13-DB2-01-0385,No,NONE,DC,V,1,0,-9.99,-9.99,9.99,9.99
13,2,DB2,386,13-DB2-02-0386,No,NONE,DC,V,1,0,-9.99,-9.99,9.99,9.99
13,3,DB2,387,13-DB2-03-0387,No,NONE,DC,V,1,0,-9.99,-9.99,9.99,9.99
13,4,DB2,388,13-DB2-04-0388,No,NONE,DC,V,1,0,-9.99,-9.99,9.99,9.99
13,5,DB2,389,13-DB2-05-0389,No,NONE,DC,V,1,0,-9.99,-9.99,9.99,9.99
13,6,DB2,390,13-DB2-06-0390,No,NONE,DC,V,1,0,-9.99,-9.99,9.99,9.99
13,7,DB2,391,13-DB2-07-0391,No,NONE,DC,V,1,0,-9.99,-9.99,9.99,9.99
13,8,DB2,392,13-DB2-08-0392,No,NONE,DC,V,1,0,-9.99,-9.99,9.99,9.99
13,9,DB2,393,13-DB2-09-0393,No,NONE,DC,V,1,0,-9.99,-9.99,9.99,9.99
13,10,DB2,394,13-DB2-10-0394,No,NONE,DC,V,1,0,-9.99,-9.99,9.99,9.99
13,11,DB2,395,13-DB2-11-0395,No,NONE,DC,V,1,0,-9.99,-9.99,9.99,9.99
13,12,DB2,396,13-DB2-12-0396,No,NONE,DC,V,1,0,-9.99,-9.99,9.99,9.99
13,13,DB2,397,13-DB2-13-0397,No,NONE,DC,V,1,0,-9.99,-9.99,9.99,9.99
13,14,DB2,398,13-DB2-14-0398,No,NONE,DC,V,1,0,-9.99,-9.99,9.99,9.99
13,15,DB2,399,13-DB2-15-0399,No,NONE,DC,V,1,0,-9.99,-9.99,9.99,9.99
13,16,DB2,400,13-DB2-16-0400,No,NONE,DC,V,1,0,-9.99,-9.99,9.99,9.99
13,17,DB1,401,13-DB1-17-0401,No,NONE,DC,V,1,0,-9.99,-9.99,9.99,9.99
13,18,DB1,402,13-DB1-18-0402,No,NONE,DC,V,1,0,-9.99,-9.99,9.99,9.99
13,19,DB1,403,13-DB1-19-0403,No,NONE,DC,V,1,0,-9.99,-9.99,9.99,9.99
13,20,DB1,404,13-DB1-20-0404,No,NONE,DC,V,1,0,-9.99,-9.99,9.99,9.99
13,21,DB1,405,13-DB1-21-0405,No,NONE,DC,V,1,0,-9.99,-9.99,9.99,9.99
13,22,DB1,406,13-DB1-22-0406,No,NONE,DC,V,1,0,-9.99,-9.99,9.99,9.99
13,23,DB1,407,13-DB1-23-0407,No,NONE,DC,V,1,0,-9.99,-9.99,9.99,9.99
13,24,DB1,408,13-DB1-24-0408,No,NONE,DC,V,1,0,-9.99,-9.99,9.99,9.99
13,25,DB1,409,13-DB1-25-0409,No,NONE,DC,V,1,0,-9.99,-9.99,9.99,9.99
13,26,DB1,410,13-DB1-26-0410,No,NONE,DC,V,1,0,-9.99,-9.99,9.99,9.99
13,27,DB1,411,13-DB1-27-0411,No,NONE,DC,V,1,0,-9.99,-9.99,9.99,9.99
13,28,DB1,412,13-DB1-28-0412,No,NONE,DC,V,1,0,-9.99,-9.99,9.99,9.99
13,29,DB1,413,13-DB1-29-0413,No,NONE,DC,V,1,0,-9.99,-9.99,9.99,9.99
13,30,DB1,414,13-DB1-30-0414,No,NONE,DC,V,1,0,-9.99,-9.99,9.99,9.99
13,31,DB1,415,13-DB1-31-0415,No,NONE,DC,V,1,0,-9.99,-9.99,9.99,9.99
13,32,DB1,416,13-DB1-32-0416,No,NONE,DC,V,1,0,-9.99,-9.99,9.99,9.99
14,1,DB2,417,14-DB2-01-0417,No,NONE,DC,V,1,0,-9.99,-9.99,9.99,9.99
14,2,DB2,418,14-DB2-02-0418,No,NONE,DC,V,1,0,-9.99,-9.99,9.99,9.99
14,3,DB2,419,14-DB2-03-0419,No,NONE,DC,V,1,0,-9.99,-9.99,9.99,9.99
14,4,DB2,420,14-DB2-04-0420,No,NONE,DC,V,1,0,-9.99,-9.99,9.99,9.99
14,5,DB2,421,14-DB2-05-0421,No,NONE,DC,V,1,0,-9.99,-9.99,9.99,9.99
14,6,DB2,422,14-DB2-06-0422,No,NONE,DC,V,1,0,-9.99,-9.99,9.99,9.99
14,7,DB2,423,14-DB2-07-0423,No,NONE,DC,V,1,0,-9.99,-9.99,9.99,9.99
14,8,DB2,424,14-DB2-08-0424,No,NONE,DC,V,1,0,-9.99,-9.99,9.99,9.99
14,9,DB2,425,14-DB2-09-0425,No,NONE,DC,V,1,0,-9.99,-9.99,9.99,9.99
14,10,DB2,426,14-DB2-10-0426,No,NONE,DC,V,1,0,-9.99,-9.99,9.99,9.99
14,11,DB2,427,14-DB2-11-0427,No,NONE,DC,V,1,0,-9.99,-9.99,9.99,9.99
14,12,DB2,428,14-DB2-12-0428,No,NONE,DC,V,1,0,-9.99,-9.99,9.99,9.99
14,13,DB2,429,14-DB2-13-0429,No,NONE,DC,V,1,0,-9.99,-9.99,9.99,9.99
14,14,DB2,430,14-DB2-14-0430,No,NONE,DC,V,1,0,-9.99,-9.99,9.99,9.99
14,15,DB2,431,14-DB2-15-0431,No,NONE,DC,V,1,0,-9.99,-9.99,9.99,9.99
14,16,DB2,432,14-DB2-16-0432,No,NONE,DC,V,1,0,-9.99,-9.99,9.99,9.99
14,17,DB1,433,14-DB1-17-0433,No,NONE,DC,V,1,0,-9.99,-9.99,9.99,9.99
14,18,DB1,434,14-DB1-18-0434,No,NONE,DC,V,1,0,-9.99,-9.99,9.99,9.99
14,19,DB1,435,14-DB1-19-0435,No,NONE,DC,V,1,0,-9.99,-9.99,9.99,9.99
14,20,DB1,436,14-DB1-20-0436,No,NONE,DC,V,1,0,-9.99,-9.99,9.99,9.99
14,21,DB1,437,14-DB1-21-0437,No,NONE,DC,V,1,0,-9.99,-9.99,9.99,9.99
14,22,DB1,438,14-DB1-22-0438,No,NONE,DC,V,1,0,-9.99,-9.99,9.99,9.99
14,23,DB1,439,14-DB1-23-0439,No,NONE,DC,V,1,0,-9.99,-9.99,9.99,9.99
14,24,DB1,440,14-DB1-24-0440,No,NONE,DC,V,1,0,-9.99,-9.99,9.99,9.99
14,25,DB1,441,14-DB1-25-0441,No,NONE,DC,V,1,0,-9.99,-9.99,9.99,9.99
14,26,DB1,442,14-DB1-26-0442,No,NONE,DC,V,1,0,-9.99,-9.99,9.99,9.99
14,27,DB1,443,14-DB1-27-0443,No,NONE,DC,V,1,0,-9.99,-9.99,9.99,9.99
14,28,DB1,444,14-DB1-28-0444,No,NONE,DC,V,1,0,-9.99,-9.99,9.99,9.99
14,29,DB1,445,14-DB1-29-0445,No,NONE,DC,V,1,0,-9.99,-9.99,9.99,9.99
14,30,DB1,446,14-DB1-30-0446,No,NONE,DC,V,1,0,-9.99,-9.99,9.99,9.99
14,31,DB1,447,14-DB1-31-0447,No,NONE,DC,V,1,0,-9.99,-9.99,9.99,9.99
14,32,DB1,448,14-DB1-32-0448,No,NONE,DC,V,1,0,-9.99,-9.99,9.99,9.99
15,1,DB2,449,15-DB2-01-0449,No,NONE,DC,V,1,0,-9.99,-9.99,9.99,9.99
15,2,DB2,450,15-DB2-02-0450,No,NONE,DC,V,1,0,-9.99,-9.99,9.99,9.99
15,3,DB2,451,15-DB2-03-0451,No,NONE,DC,V,1,0,-9.99,-9.99,9.99,9.99
15,4,DB2,452,15-DB2-04-0452,No,NONE,DC,V,1,0,-9.99,-9.99,9.99,9.99
15,5,DB2,453,15-DB2-05-0453,No,NONE,DC,V,1,0,-9.99,-9.99,9.99,9.99
15,6,DB2,454,15-DB2-06-0454,No,NONE,DC,V,1,0,-9.99,-9.99,9.99,9.99
15,7,DB2,455,15-DB2-07-0455,No,NONE,DC,V,1,0,-9.99,-9.99,9.99,9.99
15,8,DB2,456,15-DB2-08-0456,No,NONE,DC,V,1,0,-9.99,-9.99,9.99,9.99
15,9,DB2,457,15-DB2-09-0457,No,NONE,DC,V,1,0,-9.99,-9.99,9.99,9.99
15,10,DB2,458,15-DB2-10-0458,No,NONE,DC,V,1,0,-9.99,-9.99,9.99,9.99
15,11,DB2,459,15-DB2-11-0459,No,NONE,DC,V,1,0,-9.99,-9.99,9.99,9.99
15,12,DB2,460,15-DB2-12-0460,No,NONE,DC,V,1,0,-9.99,-9.99,9.99,9.99
15,13,DB2,461,15-DB2-13-0461,No,NONE,DC,V,1,0,-9.99,-9.99,9.99,9.99
15,14,DB2,462,15-DB2-14-0462,No,NONE,DC,V,1,0,-9.99,-9.99,9.99,9.99
15,15,DB2,463,15-DB2-15-0463,No,NONE,DC,V,1,0,-9.99,-9.99,9.99,9.99
15,16,DB2,464,15-DB2-16-0464,No,NONE,DC,V,1,0,-9.99,-9.99,9.99,9.99
15,17,DB1,465,15-DB1-17-0465,No,NONE,DC,V,1,0,-9.99,-9.99,9.99,9.99
15,18,DB1,466,15-DB1-18-0466,No,NONE,DC,V,1,0,-9.99,-9.99,9.99,9.99
15,19,DB1,467,15-DB1-19-0467,No,NONE,DC,V,1,0,-9.99,-9.99,9.99,9.99
15,20,DB1,468,15-DB1-20-0468,No,NONE,DC,V,1,0,-9.99,-9.99,9.99,9.99
15,21,DB1,469,15-DB1-21-0469,No,NONE,DC,V,1,0,-9.99,-9.99,9.99,9.99
15,22,DB1,470,15-DB1-22-0470,No,NONE,DC,V,1,0,-9.99,-9.99,9.99,9.99
15,23,DB1,471,15-DB1-23-0471,No,NONE,DC,V,1,0,-9.99,-9.99,9.99,9.99
15,24,DB1,472,15-DB1-24-0472,No,NONE,DC,V,1,0,-9.99,-9.99,9.99,9.99
15,25,DB1,473,15-DB1-25-0473,No,NONE,DC,V,1,0,-9.99,-9.99,9.99,9.99
15,26,DB1,474,15-DB1-26-0474,No,NONE,DC,V,1,0,-9.99,-9.99,9.99,9.99
15,27,DB1,475,15-DB1-27-0475,No,NONE,DC,V,1,0,-9.99,-9.99,9.99,9.99
15,28,DB1,476,15-DB1-28-0476,No,NONE,DC,V,1,0,-9.99,-9.99,9.99,9.99
15,29,DB1,477,15-DB1-29-0477,No,NONE,DC,V,1,0,-9.99,-9.99,9.99,9.99
15,30,DB1,478,15-DB1-30-0478,No,NONE,DC,V,1,0,-9.99,-9.99,9.99,9.99
15,31,DB1,479,15-DB1-31-0479,No,NONE,DC,V,1,0,-9.99,-9.99,9.99,9.99
15,32,DB1,480,15-DB1-32-0480,No,NONE,DC,V,1,0,-9.99,-9.99,9.99,9.99
16,1,DB2,481,16-DB2-01-0481,No,NONE,DC,V,1,0,-9.99,-9.99,9.99,9.99
16,2,DB2,482,16-DB2-02-0482,No,NONE,DC,V,1,0,-9.99,-9.99,9.99,9.99
16,3,DB2,483,16-DB2-03-0483,No,NONE,DC,V,1,0,-9.99,-9.99,9.99,9.99
16,4,DB2,484,16-DB2-04-0484,No,NONE,DC,V,1,0,-9.99,-9.99,9.99,9.99
16,5,DB2,485,16-DB2-05-0485,No,NONE,DC,V,1,0,-9.99,-9.99,9.99,9.99
16,6,DB2,486,16-DB2-06-0486,No,NONE,DC,V,1,0,-9.99,-9.99,9.99,9.99
16,7,DB2,487,16-DB2-07-0487,No,NONE,DC,V,1,0,-9.99,-9.99,9.99,9.99
16,8,DB2,488,16-DB2-08-0488,No,NONE,DC,V,1,0,-9.99,-9.99,9.99,9.99
16,9,DB2,489,16-DB2-09-0489,No,NONE,DC,V,1,0,-9.99,-9.99,9.99,9.99
16,10,DB2,490,16-DB2-10-0490,No,NONE,DC,V,1,0,-9.99,-9.99,9.99,9.99
16,11,DB2,491,16-DB2-11-0491,No,NONE,DC,V,1,0,-9.99,-9.99,9.99,9.99
16,12,DB2,492,16-DB2-12-0492,No,NONE,DC,V,1,0,-9.99,-9.99,9.99,9.99
16,13,DB2,493,16-DB2-13-0493,No,NONE,DC,V,1,0,-9.99,-9.99,9.99,9.99
16,14,DB2,494,16-DB2-14-0494,No,NONE,DC,V,1,0,-9.99,-9.99,9.99,9.99
16,15,DB2,495,16-DB2-15-0495,No,NONE,DC,V,1,0,-9.99,-9.99,9.99,9.99
16,16,DB2,496,16-DB2-16-0496,No,NONE,DC,V,1,0,-9.99,-9.99,9.99,9.99
16,17,DB1,497,16-DB1-17-0497,No,NONE,DC,V,1,0,-9.99,-9.99,9.99,9.99
16,18,DB1,498,16-DB1-18-0498,No,NONE,DC,V,1,0,-9.99,-9.99,9.99,9.99
16,19,DB1,499,16-DB1-19-0499,No,NONE,DC,V,1,0,-9.99,-9.99,9.99,9.99
16,20,DB1,500,16-DB1-20-0500,No,NONE,DC,V,1,0,-9.99,-9.99,9.99,9.99
16,21,DB1,501,16-DB1-21-0501,No,NONE,DC,V,1,0,-9.99,-9.99,9.99,9.99
16,22,DB1,502,16-DB1-22-0502,No,NONE,DC,V,1,0,-9.99,-9.99,9.99,9.99
16,23,DB1,503,16-DB1-23-0503,No,NONE,DC,V,1,0,-9.99,-9.99,9.99,9.99
16,24,DB1,504,16-DB1-24-0504,No,NONE,DC,V,1,0,-9.99,-9.99,9.99,9.99
16,25,DB1,505,16-DB1-25-0505,No,NONE,DC,V,1,0,-9.99,-9.99,9.99,9.99
16,26,DB1,506,16-DB1-26-0506,No,NONE,DC,V,1,0,-9.99,-9.99,9.99,9.99
16,27,DB1,507,16-DB1-27-0507,No,NONE,DC,V,1,0,-9.99,-9.99,9.99,9.99
16,28,DB1,508,16-DB1-28-0508,No,NONE,DC,V,1,0,-9.99,-9.99,9.99,9.99
16,29,DB1,509,16-DB1-29-0509,No,NONE,DC,V,1,0,-9.99,-9.99,9.99,9.99
16,30,DB1,510,16-DB1-30-0510,No,NONE,DC,V,1,0,-9.99,-9.99,9.99,9.99
16,31,DB1,511,16-DB1-31-0511,No,NONE,DC,V,1,0,-9.99,-9.99,9.99,9.99
16,32,DB1,512,16-DB1-32-0512,No,NONE,DC,V,1,0,-9.99,-9.99,9.99,9.99
17,1,DB2,513,17-DB2-01-0513,Yes,NONE,DC,V,1,0,-9.99,-9.99,9.99,9.99
17,2,DB2,514,17-DB2-02-0514,Yes,NONE,DC,V,1,0,-9.99,-9.99,9.99,9.99
17,3,DB2,515,17-DB2-03-0515,Yes,NONE,DC,V,1,0,-9.99,-9.99,9.99,9.99
17,4,DB2,516,17-DB2-04-0516,Yes,NONE,DC,V,1,0,-9.99,-9.99,9.99,9.99
17,5,DB2,517,17-DB2-05-0517,Yes,NONE,DC,V,1,0,-9.99,-9.99,9.99,9.99
17,6,DB2,518,17-DB2-06-0518,Yes,NONE,DC,V,1,0,-9.99,-9.99,9.99,9.99
17,7,DB2,519,17-DB2-07-0519,Yes,NONE,DC,V,1,0,-9.99,-9.99,9.99,9.99
17,8,DB2,520,17-DB2-08-0520,Yes,NONE,DC,V,1,0,-9.99,-9.99,9.99,9.99
17,9,DB2,521,17-DB2-09-0521,Yes,NONE,DC,V,1,0,-9.99,-9.99,9.99,9.99
17,10,DB2,522,17-DB2-10-0522,Yes,NONE,DC,V,1,0,-9.99,-9.99,9.99,9.99
17,11,DB2,523,17-DB2-11-0523,Yes,NONE,DC,V,1,0,-9.99,-9.99,9.99,9.99
17,12,DB2,524,17-DB2-12-0524,Yes,NONE,DC,V,1,0,-9.99,-9.99,9.99,9.99
17,13,DB2,525,17-DB2-13-0525,Yes,NONE,DC,V,1,0,-9.99,-9.99,9.99,9.99
17,14,DB2,526,17-DB2-14-0526,Yes,NONE,DC,V,1,0,-9.99,-9.99,9.99,9.99
17,15,DB2,527,17-DB2-15-0527,Yes,NONE,DC,V,1,0,-9.99,-9.99,9.99,9.99
17,16,DB2,528,17-DB2-16-0528,Yes,NONE,DC,V,1,0,-9.99,-9.99,9.99,9.99
17,17,DB1,529,17-DB1-17-0529,Yes,NONE,DC,V,1,0,-9.99,-9.99,9.99,9.99
17,18,DB1,530,17-DB1-18-0530,Yes,NONE,DC,V,1,0,-9.99,-9.99,9.99,9.99
17,19,DB1,531,17-DB1-19-0531,Yes,NONE,DC,V,1,0,-9.99,-9.99,9.99,9.99
17,20,DB1,532,17-DB1-20-0532,Yes,NONE,DC,V,1,0,-9.99,-9.99,9.99,9.99
17,21,DB1,533,17-DB1-21-0533,Yes,NONE,DC,V,1,0,-9.99,-9.99,9.99,9.99
17,22,DB1,534,17-DB1-22-0534,Yes,NONE,DC,V,1,0,-9.99,-9.99,9.99,9.99
17,23,DB1,535,17-DB1-23-0535,Yes,NONE,DC,V,1,0,-9.99,-9.99,9.99,9.99
17,24,DB1,536,17-DB1-24-0536,Yes,NONE,DC,V,1,0,-9.99,-9.99,9.99,9.99
17,25,DB1,537,17-DB1-25-0537,Yes,NONE,DC,V,1,0,-9.99,-9.99,9.99,9.99
17,26,DB1,538,17-DB1-26-0538,Yes,NONE,DC,V,1,0,-9.99,-9.99,9.99,9.99
17,27,DB1,539,17-DB1-27-0539,Yes,NONE,DC,V,1,0,-9.99,-9.99,9.99,9.99
17,28,DB1,540,17-DB1-28-0540,Yes,NONE,DC,V,1,0,-9.99,-9.99,9.99,9.99
17,29,DB1,541,17-DB1-29-0541,Yes,NONE,DC,V,1,0,-9.99,-9.99,9.99,9.99
17,30,DB1,542,17-DB1-30-0542,Yes,NONE,DC,V,1,0,-9.99,-9.99,9.99,9.99
17,31,DB1,543,17-DB1-31-0543,Yes,NONE,DC,V,1,0,-9.99,-9.99,9.99,9.99
17,32,DB1,544,17-DB1-32-0544,Yes,NONE,DC,V,1,0,-9.99,-9.99,9.99,9.99
18,1,DB2,545,18-DB2-01-0545,No,NONE,DC,V,1,0,-9.99,-9.99,9.99,9.99
18,2,DB2,546,18-DB2-02-0546,No,NONE,DC,V,1,0,-9.99,-9.99,9.99,9.99
18,3,DB2,547,18-DB2-03-0547,No,NONE,DC,V,1,0,-9.99,-9.99,9.99,9.99
18,4,DB2,548,18-DB2-04-0548,No,NONE,DC,V,1,0,-9.99,-9.99,9.99,9.99
18,5,DB2,549,18-DB2-05-0549,No,NONE,DC,V,1,0,-9.99,-9.99,9.99,9.99
18,6,DB2,550,18-DB2-06-0550,No,NONE,DC,V,1,0,-9.99,-9.99,9.99,9.99
18,7,DB2,551,18-DB2-07-0551,No,NONE,DC,V,1,0,-9.99,-9.99,9.99,9.99
18,8,DB2,552,18-DB2-08-0552,No,NONE,DC,V,1,0,-9.99,-9.99,9.99,9.99
18,9,DB2,553,18-DB2-09-0553,No,NONE,DC,V,1,0,-9.99,-9.99,9.99,9.99
18,10,DB2,554,18-DB2-10-0554,No,NONE,DC,V,1,0,-9.99,-9.99,9.99,9.99
18,11,DB2,555,18-DB2-11-0555,No,NONE,DC,V,1,0,-9.99,-9.99,9.99,9.99
18,12,DB2,556,18-DB2-12-0556,No,NONE,DC,V,1,0,-9.99,-9.99,9.99,9.99
18,13,DB2,557,18-DB2-13-0557,No,NONE,DC,V,1,0,-9.99,-9.99,9.99,9.99
18,14,DB2,558,18-DB2-14-0558,No,NONE,DC,V,1,0,-9.99,-9.99,9.99,9.99
18,15,DB2,559,18-DB2-15-0559,No,NONE,DC,V,1,0,-9.99,-9.99,9.99,9.99
18,16,DB2,560,18-DB2-16-0560,No,NONE,DC,V,1,0,-9.99,-9.99,9.99,9.99
18,17,DB1,561,18-DB1-17-0561,No,NONE,DC,V,1,0,-9.99,-9.99,9.99,9.99
18,18,DB1,562,18-DB1-18-0562,No,NONE,DC,V,1,0,-9.99,-9.99,9.99,9.99
18,19,DB1,563,18-DB1-19-0563,No,NONE,DC,V,1,0,-9.99,-9.99,9.99,9.99
18,20,DB1,564,18-DB1-20-0564,No,NONE,DC,V,1,0,-9.99,-9.99,9.99,9.99
18,21,DB1,565,18-DB1-21-0565,No,NONE,DC,V,1,0,-9.99,-9.99,9.99,9.99
18,22,DB1,566,18-DB1-22-0566,No,NONE,DC,V,1,0,-9.99,-9.99,9.99,9.99
18,23,DB1,567,18-DB1-23-0567,No,NONE,DC,V,1,0,-9.99,-9.99,9.99,9.99
18,24,DB1,568,18-DB1-24-0568,No,NONE,DC,V,1,0,-9.99,-9.99,9.99,9.99
18,25,DB1,569,18-DB1-25-0569,No,NONE,DC,V,1,0,-9.99,-9.99,9.99,9.99
18,26,DB1,570,18-DB1-26-0570,No,NONE,DC,V,1,0,-9.99,-9.99,9.99,9.99
18,27,DB1,571,18-DB1-27-0571,No,NONE,DC,V,1,0,-9.99,-9.99,9.99,9.99
18,28,DB1,572,18-DB1-28-0572,No,NONE,DC,V,1,0,-9.99,-9.99,9.99,9.99
18,29,DB1,573,18-DB1-29-0573,No,NONE,DC,V,1,0,-9.99,-9.99,9.99,9.99
18,30,DB1,574,18-DB1-30-0574,No,NONE,DC,V,1,0,-9.99,-9.99,9.99,9.99
18,31,DB1,575,18-DB1-31-0575,No,NONE,DC,V,1,0,-9.99,-9.99,9.99,9.99
18,32,DB1,576,18-DB1-32-0576,No,NONE,DC,V,1,0,-9.99,-9.99,9.99,9.99
19,1,DB2,577,19-DB2-01-0577,No,NONE,DC,V,1,0,-9.99,-9.99,9.99,9.99
19,2,DB2,578,19-DB2-02-0578,No,NONE,DC,V,1,0,-9.99,-9.99,9.99,9.99
19,3,DB2,579,19-DB2-03-0579,No,NONE,DC,V,1,0,-9.99,-9.99,9.99,9.99
19,4,DB2,580,19-DB2-04-0580,No,NONE,DC,V,1,0,-9.99,-9.99,9.99,9.99
19,5,DB2,581,19-DB2-05-0581,No,NONE,DC,V,1,0,-9.99,-9.99,9.99,9.99
19,6,DB2,582,19-DB2-06-0582,No,NONE,DC,V,1,0,-9.99,-9.99,9.99,9.99
19,7,DB2,583,19-DB2-07-0583,No,NONE,DC,V,1,0,-9.99,-9.99,9.99,9.99
19,8,DB2,584,19-DB2-08-0584,No,NONE,DC,V,1,0,-9.99,-9.99,9.99,9.99
19,9,DB2,585,19-DB2-09-0585,No,NONE,DC,V,1,0,-9.99,-9.99,9.99,9.99
19,10,DB2,586,19-DB2-10-0586,No,NONE,DC,V,1,0,-9.99,-9.99,9.99,9.99
19,11,DB2,587,19-DB2-11-0587,No,NONE,DC,V,1,0,-9.99,-9.99,9.99,9.99
19,12,DB2,588,19-DB2-12-0588,No,NONE,DC,V,1,0,-9.99,-9.99,9.99,9.99
19,13,DB2,589,19-DB2-13-0589,No,NONE,DC,V,1,0,-9.99,-9.99,9.99,9.99
19,14,DB2,590,19-DB2-14-0590,No,NONE,DC,V,1,0,-9.99,-9.99,9.99,9.99
19,15,DB2,591,19-DB2-15-0591,No,NONE,DC,V,1,0,-9.99,-9.99,9.99,9.99
19,16,DB2,592,19-DB2-16-0592,No,NONE,DC,V,1,0,-9.99,-9.99,9.99,9.99
19,17,DB1,593,19-DB1-17-0593,No,NONE,DC,V,1,0,-9.99,-9.99,9.99,9.99
19,18,DB1,594,19-DB1-18-0594,No,NONE,DC,V,1,0,-9.99,-9.99,9.99,9.99
19,19,DB1,595,19-DB1-19-0595,No,NONE,DC,V,1,0,-9.99,-9.99,9.99,9.99
19,20,DB1,596,19-DB1-20-0596,No,NONE,DC,V,1,0,-9.99,-9.99,9.99,9.99
19,21,DB1,597,19-DB1-21-0597,No,NONE,DC,V,1,0,-9.99,-9.99,9.99,9.99
19,22,DB1,598,19-DB1-22-0598,No,NONE,DC,V,1,0,-9.99,-9.99,9.99,9.99
19,23,DB1,599,19-DB1-23-0599,No,NONE,DC,V,1,0,-9.99,-9.99,9.99,9.99
19,24,DB1,600,19-DB1-24-0600,No,NONE,DC,V,1,0,-9.99,-9.99,9.99,9.99
19,25,DB1,601,19-DB1-25-0601,No,NONE,DC,V,1,0,-9.99,-9.99,9.99,9.99
19,26,DB1,602,19-DB1-26-0602,No,NONE,DC,V,1,0,-9.99,-9.99,9.99,9.99
19,27,DB1,603,19-DB1-27-0603,No,NONE,DC,V,1,0,-9.99,-9.99,9.99,9.99
19,28,DB1,604,19-DB1-28-0604,No,NONE,DC,V,1,0,-9.99,-9.99,9.99,9.99
19,29,DB1,605,19-DB1-29-0605,No,NONE,DC,V,1,0,-9.99,-9.99,9.99,9.99
19,30,DB1,606,19-DB1-30-0606,No,NONE,DC,V,1,0,-9.99,-9.99,9.99,9.99
19,31,DB1,607,19-DB1-31-0607,No,NONE,DC,V,1,0,-9.99,-9.99,9.99,9.99
19,32,DB1,608,19-DB1-32-0608,No,NONE,DC,V,1,0,-9.99,-9.99,9.99,9.99
20,1,DB2,609,20-DB2-01-0609,No,NONE,DC,V,1,0,-9.99,-9.99,9.99,9.99
20,2,DB2,610,20-DB2-02-0610,No,NONE,DC,V,1,0,-9.99,-9.99,9.99,9.99
20,3,DB2,611,20-DB2-03-0611,No,NONE,DC,V,1,0,-9.99,-9.99,9.99,9.99
20,4,DB2,612,20-DB2-04-0612,No,NONE,DC,V,1,0,-9.99,-9.99,9.99,9.99
20,5,DB2,613,20-DB2-05-0613,No,NONE,DC,V,1,0,-9.99,-9.99,9.99,9.99
20,6,DB2,614,20-DB2-06-0614,No,NONE,DC,V,1,0,-9.99,-9.99,9.99,9.99
20,7,DB2,615,20-DB2-07-0615,No,NONE,DC,V,1,0,-9.99,-9.99,9.99,9.99
20,8,DB2,616,20-DB2-08-0616,No,NONE,DC,V,1,0,-9.99,-9.99,9.99,9.99
20,9,DB2,617,20-DB2-09-0617,No,NONE,DC,V,1,0,-9.99,-9.99,9.99,9.99
20,10,DB2,618,20-DB2-10-0618,No,NONE,DC,V,1,0,-9.99,-9.99,9.99,9.99
20,11,DB2,619,20-DB2-11-0619,No,NONE,DC,V,1,0,-9.99,-9.99,9.99,9.99
20,12,DB2,620,20-DB2-12-0620,No,NONE,DC,V,1,0,-9.99,-9.99,9.99,9.99
20,13,DB2,621,20-DB2-13-0621,No,NONE,DC,V,1,0,-9.99,-9.99,9.99,9.99
20,14,DB2,622,20-DB2-14-0622,No,NONE,DC,V,1,0,-9.99,-9.99,9.99,9.99
20,15,DB2,623,20-DB2-15-0623,No,NONE,DC,V,1,0,-9.99,-9.99,9.99,9.99
20,16,DB2,624,20-DB2-16-0624,No,NONE,DC,V,1,0,-9.99,-9.99,9.99,9.99
20,17,DB1,625,20-DB1-17-0625,No,NONE,DC,V,1,0,-9.99,-9.99,9.99,9.99
20,18,DB1,626,20-DB1-18-0626,No,NONE,DC,V,1,0,-9.99,-9.99,9.99,9.99
20,19,DB1,627,20-DB1-19-0627,No,NONE,DC,V,1,0,-9.99,-9.99,9.99,9.99
20,20,DB1,628,20-DB1-20-0628,No,NONE,DC,V,1,0,-9.99,-9.99,9.99,9.99
20,21,DB1,629,20-DB1-21-0629,No,NONE,DC,V,1,0,-9.99,-9.99,9.99,9.99
20,22,DB1,630,20-DB1-22-0630,No,NONE,DC,V,1,0,-9.99,-9.99,9.99,9.99
20,23,DB1,631,20-DB1-23-0631,No,NONE,DC,V,1,0,-9.99,-9.99,9.99,9.99
20,24,DB1,632,20-DB1-24-0632,No,NONE,DC,V,1,0,-9.99,-9.99,9.99,9.99
20,25,DB1,633,20-DB1-25-0633,No,NONE,DC,V,1,0,-9.99,-9.99,9.99,9.99
20,26,DB1,634,20-DB1-26-0634,No,NONE,DC,V,1,0,-9.99,-9.99,9.99,9.99
20,27,DB1,635,20-DB1-27-0635,No,NONE,DC,V,1,0,-9.99,-9.99,9.99,9.99
20,28,DB1,636,20-DB1-28-0636,No,NONE,DC,V,1,0,-9.99,-9.99,9.99,9.99
20,29,DB1,637,20-DB1-29-0637,No,NONE,DC,V,1,0,-9.99,-9.99,9.99,9.99
20,30,DB1,638,20-DB1-30-0638,No,NONE,DC,V,1,0,-9.99,-9.99,9.99,9.99
20,31,DB1,639,20-DB1-31-0639,No,NONE,DC,V,1,0,-9.99,-9.99,9.99,9.99
20,32,DB1,640,20-DB1-32-0640,No,NONE,DC,V,1,0,-9.99,-9.99,9.99,9.99
21,1,DB2,641,21-DB2-01-0641,No,NONE,DC,V,1,0,-9.99,-9.99,9.99,9.99
21,2,DB2,642,21-DB2-02-0642,No,NONE,DC,V,1,0,-9.99,-9.99,9.99,9.99
21,3,DB2,643,21-DB2-03-0643,No,NONE,DC,V,1,0,-9.99,-9.99,9.99,9.99
21,4,DB2,644,21-DB2-04-0644,No,NONE,DC,V,1,0,-9.99,-9.99,9.99,9.99
21,5,DB2,645,21-DB2-05-0645,No,NONE,DC,V,1,0,-9.99,-9.99,9.99,9.99
21,6,DB2,646,21-DB2-06-0646,No,NONE,DC,V,1,0,-9.99,-9.99,9.99,9.99
21,7,DB2,647,21-DB2-07-0647,No,NONE,DC,V,1,0,-9.99,-9.99,9.99,9.99
21,8,DB2,648,21-DB2-08-0648,No,NONE,DC,V,1,0,-9.99,-9.99,9.99,9.99
21,9,DB2,649,21-DB2-09-0649,No,NONE,DC,V,1,0,-9.99,-9.99,9.99,9.99
21,10,DB2,650,21-DB2-10-0650,No,NONE,DC,V,1,0,-9.99,-9.99,9.99,9.99
21,11,DB2,651,21-DB2-11-0651,No,NONE,DC,V,1,0,-9.99,-9.99,9.99,9.99
21,12,DB2,652,21-DB2-12-0652,No,NONE,DC,V,1,0,-9.99,-9.99,9.99,9.99
21,13,DB2,653,21-DB2-13-0653,No,NONE,DC,V,1,0,-9.99,-9.99,9.99,9.99
21,14,DB2,654,21-DB2-14-0654,No,NONE,DC,V,1,0,-9.99,-9.99,9.99,9.99
21,15,DB2,655,21-DB2-15-0655,No,NONE,DC,V,1,0,-9.99,-9.99,9.99,9.99
21,16,DB2,656,21-DB2-16-0656,No,NONE,DC,V,1,0,-9.99,-9.99,9.99,9.99
21,17,DB1,657,21-DB1-17-0657,No,NONE,DC,V,1,0,-9.99,-9.99,9.99,9.99
21,18,DB1,658,21-DB1-18-0658,No,NONE,DC,V,1,0,-9.99,-9.99,9.99,9.99
21,19,DB1,659,21-DB1-19-0659,No,NONE,DC,V,1,0,-9.99,-9.99,9.99,9.99
21,20,DB1,660,21-DB1-20-0660,No,NONE,DC,V,1,0,-9.99,-9.99,9.99,9.99
21,21,DB1,661,21-DB1-21-0661,No,NONE,DC,V,1,0,-9.99,-9.99,9.99,9.99
21,22,DB1,662,21-DB1-22-0662,No,NONE,DC,V,1,0,-9.99,-9.99,9.99,9.99
21,23,DB1,663,21-DB1-23-0663,No,NONE,DC,V,1,0,-9.99,-9.99,9.99,9.99
21,24,DB1,664,21-DB1-24-0664,No,NONE,DC,V,1,0,-9.99,-9.99,9.99,9.99
21,25,DB1,665,21-DB1-25-0665,No,NONE,DC,V,1,0,-9.99,-9.99,9.99,9.99
21,26,DB1,666,21-DB1-26-0666,No,NONE,DC,V,1,0,-9.99,-9.99,9.99,9.99
21,27,DB1,667,21-DB1-27-0667,No,NONE,DC,V,1,0,-9.99,-9.99,9.99,9.99
21,28,DB1,668,21-DB1-28-0668,No,NONE,DC,V,1,0,-9.99,-9.99,9.99,9.99
21,29,DB1,669,21-DB1-29-0669,No,NONE,DC,V,1,0,-9.99,-9.99,9.99,9.99
21,30,DB1,670,21-DB1-30-0670,No,NONE,DC,V,1,0,-9.99,-9.99,9.99,9.99
21,31,DB1,671,21-DB1-31-0671,No,NONE,DC,V,1,0,-9.99,-9.99,9.99,9.99
21,32,DB1,672,21-DB1-32-0672,No,NONE,DC,V,1,0,-9.99,-9.99,9.99,9.99
22,1,DB2,673,22-DB2-01-0673,No,NONE,DC,V,1,0,-9.99,-9.99,9.99,9.99
22,2,DB2,674,22-DB2-02-0674,No,NONE,DC,V,1,0,-9.99,-9.99,9.99,9.99
22,3,DB2,675,22-DB2-03-0675,No,NONE,DC,V,1,0,-9.99,-9.99,9.99,9.99
22,4,DB2,676,22-DB2-04-0676,No,NONE,DC,V,1,0,-9.99,-9.99,9.99,9.99
22,5,DB2,677,22-DB2-05-0677,No,NONE,DC,V,1,0,-9.99,-9.99,9.99,9.99
22,6,DB2,678,22-DB2-06-0678,No,NONE,DC,V,1,0,-9.99,-9.99,9.99,9.99
22,7,DB2,679,22-DB2-07-0679,No,NONE,DC,V,1,0,-9.99,-9.99,9.99,9.99
22,8,DB2,680,22-DB2-08-0680,No,NONE,DC,V,1,0,-9.99,-9.99,9.99,9.99
22,9,DB2,681,22-DB2-09-0681,No,NONE,DC,V,1,0,-9.99,-9.99,9.99,9.99
22,10,DB2,682,22-DB2-10-0682,No,NONE,DC,V,1,0,-9.99,-9.99,9.99,9.99
22,11,DB2,683,22-DB2-11-0683,No,NONE,DC,V,1,0,-9.99,-9.99,9.99,9.99
22,12,DB2,684,22-DB2-12-0684,No,NONE,DC,V,1,0,-9.99,-9.99,9.99,9.99
22,13,DB2,685,22-DB2-13-0685,No,NONE,DC,V,1,0,-9.99,-9.99,9.99,9.99
22,14,DB2,686,22-DB2-14-0686,No,NONE,DC,V,1,0,-9.99,-9.99,9.99,9.99
22,15,DB2,687,22-DB2-15-0687,No,NONE,DC,V,1,0,-9.99,-9.99,9.99,9.99
22,16,DB2,688,22-DB2-16-0688,No,NONE,DC,V,1,0,-9.99,-9.99,9.99,9.99
22,17,DB1,689,22-DB1-17-0689,No,NONE,DC,V,1,0,-9.99,-9.99,9.99,9.99
22,18,DB1,690,22-DB1-18-0690,No,NONE,DC,V,1,0,-9.99,-9.99,9.99,9.99
22,19,DB1,691,22-DB1-19-0691,No,NONE,DC,V,1,0,-9.99,-9.99,9.99,9.99
22,20,DB1,692,22-DB1-20-0692,No,NONE,DC,V,1,0,-9.99,-9.99,9.99,9.99
22,21,DB1,693,22-DB1-21-0693,No,NONE,DC,V,1,0,-9.99,-9.99,9.99,9.99
22,22,DB1,694,22-DB1-22-0694,No,NONE,DC,V,1,0,-9.99,-9.99,9.99,9.99
22,23,DB1,695,22-DB1-23-0695,No,NONE,DC,V,1,0,-9.99,-9.99,9.99,9.99
22,24,DB1,696,22-DB1-24-0696,No,NONE,DC,V,1,0,-9.99,-9.99,9.99,9.99
22,25,DB1,697,22-DB1-25-0697,No,NONE,DC,V,1,0,-9.99,-9.99,9.99,9.99
22,26,DB1,698,22-DB1-26-0698,No,NONE,DC,V,1,0,-9.99,-9.99,9.99,9.99
22,27,DB1,699,22-DB1-27-0699,No,NONE,DC,V,1,0,-9.99,-9.99,9.99,9.99
22,28,DB1,700,22-DB1-28-0700,No,NONE,DC,V,1,0,-9.99,-9.99,9.99,9.99
22,29,DB1,701,22-DB1-29-0701,No,NONE,DC,V,1,0,-9.99,-9.99,9.99,9.99
22,30,DB1,702,22-DB1-30-0702,No,NONE,DC,V,1,0,-9.99,-9.99,9.99,9.99
22,31,DB1,703,22-DB1-31-0703,No,NONE,DC,V,1,0,-9.99,-9.99,9.99,9.99
22,32,DB1,704,22-DB1-32-0704,No,NONE,DC,V,1,0,-9.99,-9.99,9.99,9.99
23,1,DB2,705,23-DB2-01-0705,No,NONE,DC,V,1,0,-9.99,-9.99,9.99,9.99
23,2,DB2,706,23-DB2-02-0706,No,NONE,DC,V,1,0,-9.99,-9.99,9.99,9.99
23,3,DB2,707,23-DB2-03-0707,No,NONE,DC,V,1,0,-9.99,-9.99,9.99,9.99
23,4,DB2,708,23-DB2-04-0708,No,NONE,DC,V,1,0,-9.99,-9.99,9.99,9.99
23,5,DB2,709,23-DB2-05-0709,No,NONE,DC,V,1,0,-9.99,-9.99,9.99,9.99
23,6,DB2,710,23-DB2-06-0710,No,NONE,DC,V,1,0,-9.99,-9.99,9.99,9.99
23,7,DB2,711,23-DB2-07-0711,No,NONE,DC,V,1,0,-9.99,-9.99,9.99,9.99
23,8,DB2,712,23-DB2-08-0712,No,NONE,DC,V,1,0,-9.99,-9.99,9.99,9.99
23,9,DB2,713,23-DB2-09-0713,No,NONE,DC,V,1,0,-9.99,-9.99,9.99,9.99
23,10,DB2,714,23-DB2-10-0714,No,NONE,DC,V,1,0,-9.99,-9.99,9.99,9.99
23,11,DB2,715,23-DB2-11-0715,No,NONE,DC,V,1,0,-9.99,-9.99,9.99,9.99
23,12,DB2,716,23-DB2-12-0716,No,NONE,DC,V,1,0,-9.99,-9.99,9.99,9.99
23,13,DB2,717,23-DB2-13-0717,No,NONE,DC,V,1,0,-9.99,-9.99,9.99,9.99
23,14,DB2,718,23-DB2-14-0718,No,NONE,DC,V,1,0,-9.99,-9.99,9.99,9.99
23,15,DB2,719,23-DB2-15-0719,No,NONE,DC,V,1,0,-9.99,-9.99,9.99,9.99
23,16,DB2,720,23-DB2-16-0720,No,NONE,DC,V,1,0,-9.99,-9.99,9.99,9.99
23,17,DB1,721,23-DB1-17-0721,No,NONE,DC,V,1,0,-9.99,-9.99,9.99,9.99
23,18,DB1,722,23-DB1-18-0722,No,NONE,DC,V,1,0,-9.99,-9.99,9.99,9.99
23,19,DB1,723,23-DB1-19-0723,No,NONE,DC,V,1,0,-9.99,-9.99,9.99,9.99
23,20,DB1,724,23-DB1-20-0724,No,NONE,DC,V,1,0,-9.99,-9.99,9.99,9.99
23,21,DB1,725,23-DB1-21-0725,No,NONE,DC,V,1,0,-9.99,-9.99,9.99,9.99
23,22,DB1,726,23-DB1-22-0726,No,NONE,DC,V,1,0,-9.99,-9.99,9.99,9.99
23,23,DB1,727,23-DB1-23-0727,No,NONE,DC,V,1,0,-9.99,-9.99,9.99,9.99
23,24,DB1,728,23-DB1-24-0728,No,NONE,DC,V,1,0,-9.99,-9.99,9.99,9.99
23,25,DB1,729,23-DB1-25-0729,No,NONE,DC,V,1,0,-9.99,-9.99,9.99,9.99
23,26,DB1,730,23-DB1-26-0730,No,NONE,DC,V,1,0,-9.99,-9.99,9.99,9.99
23,27,DB1,731,23-DB1-27-0731,No,NONE,DC,V,1,0,-9.99,-9.99,9.99,9.99
23,28,DB1,732,23-DB1-28-0732,No,NONE,DC,V,1,0,-9.99,-9.99,9.99,9.99
23,29,DB1,733,23-DB1-29-0733,No,NONE,DC,V,1,0,-9.99,-9.99,9.99,9.99
23,30,DB1,734,23-DB1-30-0734,No,NONE,DC,V,1,0,-9.99,-9.99,9.99,9.99
23,31,DB1,735,23-DB1-31-0735,No,NONE,DC,V,1,0,-9.99,-9.99,9.99,9.99
23,32,DB1,736,23-DB1-32-0736,No,NONE,DC,V,1,0,-9.99,-9.99,9.99,9.99
24,1,DB2,737,24-DB2-01-0737,No,NONE,DC,V,1,0,-9.99,-9.99,9.99,9.99
24,2,DB2,738,24-DB2-02-0738,No,NONE,DC,V,1,0,-9.99,-9.99,9.99,9.99
24,3,DB2,739,24-DB2-03-0739,No,NONE,DC,V,1,0,-9.99,-9.99,9.99,9.99
24,4,DB2,740,24-DB2-04-0740,No,NONE,DC,V,1,0,-9.99,-9.99,9.99,9.99
24,5,DB2,741,24-DB2-05-0741,No,NONE,DC,V,1,0,-9.99,-9.99,9.99,9.99
24,6,DB2,742,24-DB2-06-0742,No,NONE,DC,V,1,0,-9.99,-9.99,9.99,9.99
24,7,DB2,743,24-DB2-07-0743,No,NONE,DC,V,1,0,-9.99,-9.99,9.99,9.99
24,8,DB2,744,24-DB2-08-0744,No,NONE,DC,V,1,0,-9.99,-9.99,9.99,9.99
24,9,DB2,745,24-DB2-09-0745,No,NONE,DC,V,1,0,-9.99,-9.99,9.99,9.99
24,10,DB2,746,24-DB2-10-0746,No,NONE,DC,V,1,0,-9.99,-9.99,9.99,9.99
24,11,DB2,747,24-DB2-11-0747,No,NONE,DC,V,1,0,-9.99,-9.99,9.99,9.99
24,12,DB2,748,24-DB2-12-0748,No,NONE,DC,V,1,0,-9.99,-9.99,9.99,9.99
24,13,DB2,749,24-DB2-13-0749,No,NONE,DC,V,1,0,-9.99,-9.99,9.99,9.99
24,14,DB2,750,24-DB2-14-0750,No,NONE,DC,V,1,0,-9.99,-9.99,9.99,9.99
24,15,DB2,751,24-DB2-15-0751,No,NONE,DC,V,1,0,-9.99,-9.99,9.99,9.99
24,16,DB2,752,24-DB2-16-0752,No,NONE,DC,V,1,0,-9.99,-9.99,9.99,9.99
24,17,DB1,753,24-DB1-17-0753,No,NONE,DC,V,1,0,-9.99,-9.99,9.99,9.99
24,18,DB1,754,24-DB1-18-0754,No,NONE,DC,V,1,0,-9.99,-9.99,9.99,9.99
24,19,DB1,755,24-DB1-19-0755,No,NONE,DC,V,1,0,-9.99,-9.99,9.99,9.99
24,20,DB1,756,24-DB1-20-0756,No,NONE,DC,V,1,0,-9.99,-9.99,9.99,9.99
24,21,DB1,757,24-DB1-21-0757,No,NONE,DC,V,1,0,-9.99,-9.99,9.99,9.99
24,22,DB1,758,24-DB1-22-0758,No,NONE,DC,V,1,0,-9.99,-9.99,9.99,9.99
24,23,DB1,759,24-DB1-23-0759,No,NONE,DC,V,1,0,-9.99,-9.99,9.99,9.99
24,24,DB1,760,24-DB1-24-0760,No,NONE,DC,V,1,0,-9.99,-9.99,9.99,9.99
24,25,DB1,761,24-DB1-25-0761,No,NONE,DC,V,1,0,-9.99,-9.99,9.99,9.99
24,26,DB1,762,24-DB1-26-0762,No,NONE,DC,V,1,0,-9.99,-9.99,9.99,9.99
24,27,DB1,763,24-DB1-27-0763,No,NONE,DC,V,1,0,-9.99,-9.99,9.99,9.99
24,28,DB1,764,24-DB1-28-0764,No,NONE,DC,V,1,0,-9.99,-9.99,9.99,9.99
24,29,DB1,765,24-DB1-29-0765,No,NONE,DC,V,1,0,-9.99,-9.99,9.99,9.99
24,30,DB1,766,24-DB1-30-0766,No,NONE,DC,V,1,0,-9.99,-9.99,9.99,9.99
24,31,DB1,767,24-DB1-31-0767,No,NONE,DC,V,1,0,-9.99,-9.99,9.99,9.99
24,32,DB1,768,24-DB1-32-0768,No,NONE,DC,V,1,0,-9.99,-9.99,9.99,9.99
25,1,DB2,769,25-DB2-01-0769,No,NONE,DC,V,1,0,-9.99,-9.99,9.99,9.99
25,2,DB2,770,25-DB2-02-0770,No,NONE,DC,V,1,0,-9.99,-9.99,9.99,9.99
25,3,DB2,771,25-DB2-03-0771,No,NONE,DC,V,1,0,-9.99,-9.99,9.99,9.99
25,4,DB2,772,25-DB2-04-0772,No,NONE,DC,V,1,0,-9.99,-9.99,9.99,9.99
25,5,DB2,773,25-DB2-05-0773,No,NONE,DC,V,1,0,-9.99,-9.99,9.99,9.99
25,6,DB2,774,25-DB2-06-0774,No,NONE,DC,V,1,0,-9.99,-9.99,9.99,9.99
25,7,DB2,775,25-DB2-07-0775,No,NONE,DC,V,1,0,-9.99,-9.99,9.99,9.99
25,8,DB2,776,25-DB2-08-0776,No,NONE,DC,V,1,0,-9.99,-9.99,9.99,9.99
25,9,DB2,777,25-DB2-09-0777,No,NONE,DC,V,1,0,-9.99,-9.99,9.99,9.99
25,10,DB2,778,25-DB2-10-0778,No,NONE,DC,V,1,0,-9.99,-9.99,9.99,9.99
25,11,DB2,779,25-DB2-11-0779,No,NONE,DC,V,1,0,-9.99,-9.99,9.99,9.99
25,12,DB2,780,25-DB2-12-0780,No,NONE,DC,V,1,0,-9.99,-9.99,9.99,9.99
25,13,DB2,781,25-DB2-13-0781,No,NONE,DC,V,1,0,-9.99,-9.99,9.99,9.99
25,14,DB2,782,25-DB2-14-0782,No,NONE,DC,V,1,0,-9.99,-9.99,9.99,9.99
25,15,DB2,783,25-DB2-15-0783,No,NONE,DC,V,1,0,-9.99,-9.99,9.99,9.99
25,16,DB2,784,25-DB2-16-0784,No,NONE,DC,V,1,0,-9.99,-9.99,9.99,9.99
25,17,DB1,785,25-DB1-17-0785,No,NONE,DC,V,1,0,-9.99,-9.99,9.99,9.99
25,18,DB1,786,25-DB1-18-0786,No,NONE,DC,V,1,0,-9.99,-9.99,9.99,9.99
25,19,DB1,787,25-DB1-19-0787,No,NONE,DC,V,1,0,-9.99,-9.99,9.99,9.99
25,20,DB1,788,25-DB1-20-0788,No,NONE,DC,V,1,0,-9.99,-9.99,9.99,9.99
25,21,DB1,789,25-DB1-21-0789,No,NONE,DC,V,1,0,-9.99,-9.99,9.99,9.99
25,22,DB1,790,25-DB1-22-0790,No,NONE,DC,V,1,0,-9.99,-9.99,9.99,9.99
25,23,DB1,791,25-DB1-23-0791,No,NONE,DC,V,1,0,-9.99,-9.99,9.99,9.99
25,24,DB1,792,25-DB1-24-0792,No,NONE,DC,V,1,0,-9.99,-9.99,9.99,9.99
25,25,DB1,793,25-DB1-25-0793,No,NONE,DC,V,1,0,-9.99,-9.99,9.99,9.99
25,26,DB1,794,25-DB1-26-0794,No,NONE,DC,V,1,0,-9.99,-9.99,9.99,9.99
25,27,DB1,795,25-DB1-27-0795,No,NONE,DC,V,1,0,-9.99,-9.99,9.99,9.99
25,28,DB1,796,25-DB1-28-0796,No,NONE,DC,V,1,0,-9.99,-9.99,9.99,9.99
25,29,DB1,797,25-DB1-29-0797,No,NONE,DC,V,1,0,-9.99,-9.99,9.99,9.99
25,30,DB1,798,25-DB1-30-0798,No,NONE,DC,V,1,0,-9.99,-9.99,9.99,9.99
25,31,DB1,799,25-DB1-31-0799,No,NONE,DC,V,1,0,-9.99,-9.99,9.99,9.99
25,32,DB1,800,25-DB1-32-0800,No,NONE,DC,V,1,0,-9.99,-9.99,9.99,9.99
26,1,DB2,801,26-DB2-01-0801,No,NONE,DC,V,1,0,-9.99,-9.99,9.99,9.99
26,2,DB2,802,26-DB2-02-0802,No,NONE,DC,V,1,0,-9.99,-9.99,9.99,9.99
26,3,DB2,803,26-DB2-03-0803,No,NONE,DC,V,1,0,-9.99,-9.99,9.99,9.99
26,4,DB2,804,26-DB2-04-0804,No,NONE,DC,V,1,0,-9.99,-9.99,9.99,9.99
26,5,DB2,805,26-DB2-05-0805,No,NONE,DC,V,1,0,-9.99,-9.99,9.99,9.99
26,6,DB2,806,26-DB2-06-0806,No,NONE,DC,V,1,0,-9.99,-9.99,9.99,9.99
26,7,DB2,807,26-DB2-07-0807,No,NONE,DC,V,1,0,-9.99,-9.99,9.99,9.99
26,8,DB2,808,26-DB2-08-0808,No,NONE,DC,V,1,0,-9.99,-9.99,9.99,9.99
26,9,DB2,809,26-DB2-09-0809,No,NONE,DC,V,1,0,-9.99,-9.99,9.99,9.99
26,10,DB2,810,26-DB2-10-0810,No,NONE,DC,V,1,0,-9.99,-9.99,9.99,9.99
26,11,DB2,811,26-DB2-11-0811,No,NONE,DC,V,1,0,-9.99,-9.99,9.99,9.99
26,12,DB2,812,26-DB2-12-0812,No,NONE,DC,V,1,0,-9.99,-9.99,9.99,9.99
26,13,DB2,813,26-DB2-13-0813,No,NONE,DC,V,1,0,-9.99,-9.99,9.99,9.99
26,14,DB2,814,26-DB2-14-0814,No,NONE,DC,V,1,0,-9.99,-9.99,9.99,9.99
26,15,DB2,815,26-DB2-15-0815,No,NONE,DC,V,1,0,-9.99,-9.99,9.99,9.99
26,16,DB2,816,26-DB2-16-0816,No,NONE,DC,V,1,0,-9.99,-9.99,9.99,9.99
26,17,DB1,817,26-DB1-17-0817,No,NONE,DC,V,1,0,-9.99,-9.99,9.99,9.99
26,18,DB1,818,26-DB1-18-0818,No,NONE,DC,V,1,0,-9.99,-9.99,9.99,9.99
26,19,DB1,819,26-DB1-19-0819,No,NONE,DC,V,1,0,-9.99,-9.99,9.99,9.99
26,20,DB1,820,26-DB1-20-0820,No,NONE,DC,V,1,0,-9.99,-9.99,9.99,9.99
26,21,DB1,821,26-DB1-21-0821,No,NONE,DC,V,1,0,-9.99,-9.99,9.99,9.99
26,22,DB1,822,26-DB1-22-0822,No,NONE,DC,V,1,0,-9.99,-9.99,9.99,9.99
26,23,DB1,823,26-DB1-23-0823,No,NONE,DC,V,1,0,-9.99,-9.99,9.99,9.99
26,24,DB1,824,26-DB1-24-0824,No,NONE,DC,V,1,0,-9.99,-9.99,9.99,9.99
26,25,DB1,825,26-DB1-25-0825,No,NONE,DC,V,1,0,-9.99,-9.99,9.99,9.99
26,26,DB1,826,26-DB1-26-0826,No,NONE,DC,V,1,0,-9.99,-9.99,9.99,9.99
26,27,DB1,827,26-DB1-27-0827,No,NONE,DC,V,1,0,-9.99,-9.99,9.99,9.99
26,28,DB1,828,26-DB1-28-0828,No,NONE,DC,V,1,0,-9.99,-9.99,9.99,9.99
26,29,DB1,829,26-DB1-29-0829,No,NONE,DC,V,1,0,-9.99,-9.99,9.99,9.99
26,30,DB1,830,26-DB1-30-0830,No,NONE,DC,V,1,0,-9.99,-9.99,9.99,9.99
26,31,DB1,831,26-DB1-31-0831,No,NONE,DC,V,1,0,-9.99,-9.99,9.99,9.99
26,32,DB1,832,26-DB1-32-0832,No,NONE,DC,V,1,0,-9.99,-9.99,9.99,9.99
27,1,DB2,833,27-DB2-01-0833,No,NONE,DC,V,1,0,-9.99,-9.99,9.99,9.99
27,2,DB2,834,27-DB2-02-0834,No,NONE,DC,V,1,0,-9.99,-9.99,9.99,9.99
27,3,DB2,835,27-DB2-03-0835,No,NONE,DC,V,1,0,-9.99,-9.99,9.99,9.99
27,4,DB2,836,27-DB2-04-0836,No,NONE,DC,V,1,0,-9.99,-9.99,9.99,9.99
27,5,DB2,837,27-DB2-05-0837,No,NONE,DC,V,1,0,-9.99,-9.99,9.99,9.99
27,6,DB2,838,27-DB2-06-0838,No,NONE,DC,V,1,0,-9.99,-9.99,9.99,9.99
27,7,DB2,839,27-DB2-07-0839,No,NONE,DC,V,1,0,-9.99,-9.99,9.99,9.99
27,8,DB2,840,27-DB2-08-0840,No,NONE,DC,V,1,0,-9.99,-9.99,9.99,9.99
27,9,DB2,841,27-DB2-09-0841,No,NONE,DC,V,1,0,-9.99,-9.99,9.99,9.99
27,10,DB2,842,27-DB2-10-0842,No,NONE,DC,V,1,0,-9.99,-9.99,9.99,9.99
27,11,DB2,843,27-DB2-11-0843,No,NONE,DC,V,1,0,-9.99,-9.99,9.99,9.99
27,12,DB2,844,27-DB2-12-0844,No,NONE,DC,V,1,0,-9.99,-9.99,9.99,9.99
27,13,DB2,845,27-DB2-13-0845,No,NONE,DC,V,1,0,-9.99,-9.99,9.99,9.99
27,14,DB2,846,27-DB2-14-0846,No,NONE,DC,V,1,0,-9.99,-9.99,9.99,9.99
27,15,DB2,847,27-DB2-15-0847,No,NONE,DC,V,1,0,-9.99,-9.99,9.99,9.99
27,16,DB2,848,27-DB2-16-0848,No,NONE,DC,V,1,0,-9.99,-9.99,9.99,9.99
27,17,DB1,849,27-DB1-17-0849,No,NONE,DC,V,1,0,-9.99,-9.99,9.99,9.99
27,18,DB1,850,27-DB1-18-0850,No,NONE,DC,V,1,0,-9.99,-9.99,9.99,9.99
27,19,DB1,851,27-DB1-19-0851,No,NONE,DC,V,1,0,-9.99,-9.99,9.99,9.99
27,20,DB1,852,27-DB1-20-0852,No,NONE,DC,V,1,0,-9.99,-9.99,9.99,9.99
27,21,DB1,853,27-DB1-21-0853,No,NONE,DC,V,1,0,-9.99,-9.99,9.99,9.99
27,22,DB1,854,27-DB1-22-0854,No,NONE,DC,V,1,0,-9.99,-9.99,9.99,9.99
27,23,DB1,855,27-DB1-23-0855,No,NONE,DC,V,1,0,-9.99,-9.99,9.99,9.99
27,24,DB1,856,27-DB1-24-0856,No,NONE,DC,V,1,0,-9.99,-9.99,9.99,9.99
27,25,DB1,857,27-DB1-25-0857,No,NONE,DC,V,1,0,-9.99,-9.99,9.99,9.99
27,26,DB1,858,27-DB1-26-0858,No,NONE,DC,V,1,0,-9.99,-9.99,9.99,9.99
27,27,DB1,859,27-DB1-27-0859,No,NONE,DC,V,1,0,-9.99,-9.99,9.99,9.99
27,28,DB1,860,27-DB1-28-0860,No,NONE,DC,V,1,0,-9.99,-9.99,9.99,9.99
27,29,DB1,861,27-DB1-29-0861,No,NONE,DC,V,1,0,-9.99,-9.99,9.99,9.99
27,30,DB1,862,27-DB1-30-0862,No,NONE,DC,V,1,0,-9.99,-9.99,9.99,9.99
27,31,DB1,863,27-DB1-31-0863,No,NONE,DC,V,1,0,-9.99,-9.99,9.99,9.99
27,32,DB1,864,27-DB1-32-0864,No,NONE,DC,V,1,0,-9.99,-9.99,9.99,9.99
28,1,DB2,865,28-DB2-01-0865,No,NONE,DC,V,1,0,-9.99,-9.99,9.99,9.99
28,2,DB2,866,28-DB2-02-0866,No,NONE,DC,V,1,0,-9.99,-9.99,9.99,9.99
28,3,DB2,867,28-DB2-03-0867,No,NONE,DC,V,1,0,-9.99,-9.99,9.99,9.99
28,4,DB2,868,28-DB2-04-0868,No,NONE,DC,V,1,0,-9.99,-9.99,9.99,9.99
28,5,DB2,869,28-DB2-05-0869,No,NONE,DC,V,1,0,-9.99,-9.99,9.99,9.99
28,6,DB2,870,28-DB2-06-0870,No,NONE,DC,V,1,0,-9.99,-9.99,9.99,9.99
28,7,DB2,871,28-DB2-07-0871,No,NONE,DC,V,1,0,-9.99,-9.99,9.99,9.99
28,8,DB2,872,28-DB2-08-0872,No,NONE,DC,V,1,0,-9.99,-9.99,9.99,9.99
28,9,DB2,873,28-DB2-09-0873,No,NONE,DC,V,1,0,-9.99,-9.99,9.99,9.99
28,10,DB2,874,28-DB2-10-0874,No,NONE,DC,V,1,0,-9.99,-9.99,9.99,9.99
28,11,DB2,875,28-DB2-11-0875,No,NONE,DC,V,1,0,-9.99,-9.99,9.99,9.99
28,12,DB2,876,28-DB2-12-0876,No,NONE,DC,V,1,0,-9.99,-9.99,9.99,9.99
28,13,DB2,877,28-DB2-13-0877,No,NONE,DC,V,1,0,-9.99,-9.99,9.99,9.99
28,14,DB2,878,28-DB2-14-0878,No,NONE,DC,V,1,0,-9.99,-9.99,9.99,9.99
28,15,DB2,879,28-DB2-15-0879,No,NONE,DC,V,1,0,-9.99,-9.99,9.99,9.99
28,16,DB2,880,28-DB2-16-0880,No,NONE,DC,V,1,0,-9.99,-9.99,9.99,9.99
28,17,DB1,881,28-DB1-17-0881,No,NONE,DC,V,1,0,-9.99,-9.99,9.99,9.99
28,18,DB1,882,28-DB1-18-0882,No,NONE,DC,V,1,0,-9.99,-9.99,9.99,9.99
28,19,DB1,883,28-DB1-19-0883,No,NONE,DC,V,1,0,-9.99,-9.99,9.99,9.99
28,20,DB1,884,28-DB1-20-0884,No,NONE,DC,V,1,0,-9.99,-9.99,9.99,9.99
28,21,DB1,885,28-DB1-21-0885,No,NONE,DC,V,1,0,-9.99,-9.99,9.99,9.99
28,22,DB1,886,28-DB1-22-0886,No,NONE,DC,V,1,0,-9.99,-9.99,9.99,9.99
28,23,DB1,887,28-DB1-23-0887,No,NONE,DC,V,1,0,-9.99,-9.99,9.99,9.99
28,24,DB1,888,28-DB1-24-0888,No,NONE,DC,V,1,0,-9.99,-9.99,9.99,9.99
28,25,DB1,889,28-DB1-25-0889,No,NONE,DC,V,1,0,-9.99,-9.99,9.99,9.99
28,26,DB1,890,28-DB1-26-0890,No,NONE,DC,V,1,0,-9.99,-9.99,9.99,9.99
28,27,DB1,891,28-DB1-27-0891,No,NONE,DC,V,1,0,-9.99,-9.99,9.99,9.99
28,28,DB1,892,28-DB1-28-0892,No,NONE,DC,V,1,0,-9.99,-9.99,9.99,9.99
28,29,DB1,893,28-DB1-29-0893,No,NONE,DC,V,1,0,-9.99,-9.99,9.99,9.99
28,30,DB1,894,28-DB1-30-0894,No,NONE,DC,V,1,0,-9.99,-9.99,9.99,9.99
28,31,DB1,895,28-DB1-31-0895,No,NONE,DC,V,1,0,-9.99,-9.99,9.99,9.99
28,32,DB1,896,28-DB1-32-0896,No,NONE,DC,V,1,0,-9.99,-9.99,9.99,9.99
29,1,DB2,897,29-DB2-01-0897,No,NONE,DC,V,1,0,-9.99,-9.99,9.99,9.99
29,2,DB2,898,29-DB2-02-0898,No,NONE,DC,V,1,0,-9.99,-9.99,9.99,9.99
29,3,DB2,899,29-DB2-03-0899,No,NONE,DC,V,1,0,-9.99,-9.99,9.99,9.99
29,4,DB2,900,29-DB2-04-0900,No,NONE,DC,V,1,0,-9.99,-9.99,9.99,9.99
29,5,DB2,901,29-DB2-05-0901,No,NONE,DC,V,1,0,-9.99,-9.99,9.99,9.99
29,6,DB2,902,29-DB2-06-0902,No,NONE,DC,V,1,0,-9.99,-9.99,9.99,9.99
29,7,DB2,903,29-DB2-07-0903,No,NONE,DC,V,1,0,-9.99,-9.99,9.99,9.99
29,8,DB2,904,29-DB2-08-0904,No,NONE,DC,V,1,0,-9.99,-9.99,9.99,9.99
29,9,DB2,905,29-DB2-09-0905,No,NONE,DC,V,1,0,-9.99,-9.99,9.99,9.99
29,10,DB2,906,29-DB2-10-0906,No,NONE,DC,V,1,0,-9.99,-9.99,9.99,9.99
29,11,DB2,907,29-DB2-11-0907,No,NONE,DC,V,1,0,-9.99,-9.99,9.99,9.99
29,12,DB2,908,29-DB2-12-0908,No,NONE,DC,V,1,0,-9.99,-9.99,9.99,9.99
29,13,DB2,909,29-DB2-13-0909,No,NONE,DC,V,1,0,-9.99,-9.99,9.99,9.99
29,14,DB2,910,29-DB2-14-0910,No,NONE,DC,V,1,0,-9.99,-9.99,9.99,9.99
29,15,DB2,911,29-DB2-15-0911,No,NONE,DC,V,1,0,-9.99,-9.99,9.99,9.99
29,16,DB2,912,29-DB2-16-0912,No,NONE,DC,V,1,0,-9.99,-9.99,9.99,9.99
29,17,DB1,913,29-DB1-17-0913,No,NONE,DC,V,1,0,-9.99,-9.99,9.99,9.99
29,18,DB1,914,29-DB1-18-0914,No,NONE,DC,V,1,0,-9.99,-9.99,9.99,9.99
29,19,DB1,915,29-DB1-19-0915,No,NONE,DC,V,1,0,-9.99,-9.99,9.99,9.99
29,20,DB1,916,29-DB1-20-0916,No,NONE,DC,V,1,0,-9.99,-9.99,9.99,9.99
29,21,DB1,917,29-DB1-21-0917,No,NONE,DC,V,1,0,-9.99,-9.99,9.99,9.99
29,22,DB1,918,29-DB1-22-0918,No,NONE,DC,V,1,0,-9.99,-9.99,9.99,9.99
29,23,DB1,919,29-DB1-23-0919,No,NONE,DC,V,1,0,-9.99,-9.99,9.99,9.99
29,24,DB1,920,29-DB1-24-0920,No,NONE,DC,V,1,0,-9.99,-9.99,9.99,9.99
29,25,DB1,921,29-DB1-25-0921,No,NONE,DC,V,1,0,-9.99,-9.99,9.99,9.99
29,26,DB1,922,29-DB1-26-0922,No,NONE,DC,V,1,0,-9.99,-9.99,9.99,9.99
29,27,DB1,923,29-DB1-27-0923,No,NONE,DC,V,1,0,-9.99,-9.99,9.99,9.99
29,28,DB1,924,29-DB1-28-0924,No,NONE,DC,V,1,0,-9.99,-9.99,9.99,9.99
29,29,DB1,925,29-DB1-29-0925,No,NONE,DC,V,1,0,-9.99,-9.99,9.99,9.99
29,30,DB1,926,29-DB1-30-0926,No,NONE,DC,V,1,0,-9.99,-9.99,9.99,9.99
29,31,DB1,927,29-DB1-31-0927,No,NONE,DC,V,1,0,-9.99,-9.99,9.99,9.99
29,32,DB1,928,29-DB1-32-0928,No,NONE,DC,V,1,0,-9.99,-9.99,9.99,9.99
30,1,DB2,929,30-DB2-01-0929,No,NONE,DC,V,1,0,-9.99,-9.99,9.99,9.99
30,2,DB2,930,30-DB2-02-0930,No,NONE,DC,V,1,0,-9.99,-9.99,9.99,9.99
30,3,DB2,931,30-DB2-03-0931,No,NONE,DC,V,1,0,-9.99,-9.99,9.99,9.99
30,4,DB2,932,30-DB2-04-0932,No,NONE,DC,V,1,0,-9.99,-9.99,9.99,9.99
30,5,DB2,933,30-DB2-05-0933,No,NONE,DC,V,1,0,-9.99,-9.99,9.99,9.99
30,6,DB2,934,30-DB2-06-0934,No,NONE,DC,V,1,0,-9.99,-9.99,9.99,9.99
30,7,DB2,935,30-DB2-07-0935,No,NONE,DC,V,1,0,-9.99,-9.99,9.99,9.99
30,8,DB2,936,30-DB2-08-0936,No,NONE,DC,V,1,0,-9.99,-9.99,9.99,9.99
30,9,DB2,937,30-DB2-09-0937,No,NONE,DC,V,1,0,-9.99,-9.99,9.99,9.99
30,10,DB2,938,30-DB2-10-0938,No,NONE,DC,V,1,0,-9.99,-9.99,9.99,9.99
30,11,DB2,939,30-DB2-11-0939,No,NONE,DC,V,1,0,-9.99,-9.99,9.99,9.99
30,12,DB2,940,30-DB2-12-0940,No,NONE,DC,V,1,0,-9.99,-9.99,9.99,9.99
30,13,DB2,941,30-DB2-13-0941,No,NONE,DC,V,1,0,-9.99,-9.99,9.99,9.99
30,14,DB2,942,30-DB2-14-0942,No,NONE,DC,V,1,0,-9.99,-9.99,9.99,9.99
30,15,DB2,943,30-DB2-15-0943,No,NONE,DC,V,1,0,-9.99,-9.99,9.99,9.99
30,16,DB2,944,30-DB2-16-0944,No,NONE,DC,V,1,0,-9.99,-9.99,9.99,9.99
30,17,DB1,945,30-DB1-17-0945,No,NONE,DC,V,1,0,-9.99,-9.99,9.99,9.99
30,18,DB1,946,30-DB1-18-0946,No,NONE,DC,V,1,0,-9.99,-9.99,9.99,9.99
30,19,DB1,947,30-DB1-19-0947,No,NONE,DC,V,1,0,-9.99,-9.99,9.99,9.99
30,20,DB1,948,30-DB1-20-0948,No,NONE,DC,V,1,0,-9.99,-9.99,9.99,9.99
30,21,DB1,949,30-DB1-21-0949,No,NONE,DC,V,1,0,-9.99,-9.99,9.99,9.99
30,22,DB1,950,30-DB1-22-0950,No,NONE,DC,V,1,0,-9.99,-9.99,9.99,9.99
30,23,DB1,951,30-DB1-23-0951,No,NONE,DC,V,1,0,-9.99,-9.99,9.99,9.99
30,24,DB1,952,30-DB1-24-0952,No,NONE,DC,V,1,0,-9.99,-9.99,9.99,9.99
30,25,DB1,953,30-DB1-25-0953,No,NONE,DC,V,1,0,-9.99,-9.99,9.99,9.99
30,26,DB1,954,30-DB1-26-0954,No,NONE,DC,V,1,0,-9.99,-9.99,9.99,9.99
30,27,DB1,955,30-DB1-27-0955,No,NONE,DC,V,1,0,-9.99,-9.99,9.99,9.99
30,28,DB1,956,30-DB1-28-0956,No,NONE,DC,V,1,0,-9.99,-9.99,9.99,9.99
30,29,DB1,957,30-DB1-29-0957,No,NONE,DC,V,1,0,-9.99,-9.99,9.99,9.99
30,30,DB1,958,30-DB1-30-0958,No,NONE,DC,V,1,0,-9.99,-9.99,9.99,9.99
30,31,DB1,959,30-DB1-31-0959,No,NONE,DC,V,1,0,-9.99,-9.99,9.99,9.99
30,32,DB1,960,30-DB1-32-0960,No,NONE,DC,V,1,0,-9.99,-9.99,9.99,9.99
31,1,DB2,961,31-DB2-01-0961,No,NONE,DC,V,1,0,-9.99,-9.99,9.99,9.99
31,2,DB2,962,31-DB2-02-0962,No,NONE,DC,V,1,0,-9.99,-9.99,9.99,9.99
31,3,DB2,963,31-DB2-03-0963,No,NONE,DC,V,1,0,-9.99,-9.99,9.99,9.99
31,4,DB2,964,31-DB2-04-0964,No,NONE,DC,V,1,0,-9.99,-9.99,9.99,9.99
31,5,DB2,965,31-DB2-05-0965,No,NONE,DC,V,1,0,-9.99,-9.99,9.99,9.99
31,6,DB2,966,31-DB2-06-0966,No,NONE,DC,V,1,0,-9.99,-9.99,9.99,9.99
31,7,DB2,967,31-DB2-07-0967,No,NONE,DC,V,1,0,-9.99,-9.99,9.99,9.99
31,8,DB2,968,31-DB2-08-0968,No,NONE,DC,V,1,0,-9.99,-9.99,9.99,9.99
31,9,DB2,969,31-DB2-09-0969,No,NONE,DC,V,1,0,-9.99,-9.99,9.99,9.99
31,10,DB2,970,31-DB2-10-0970,No,NONE,DC,V,1,0,-9.99,-9.99,9.99,9.99
31,11,DB2,971,31-DB2-11-0971,No,NONE,DC,V,1,0,-9.99,-9.99,9.99,9.99
31,12,DB2,972,31-DB2-12-0972,No,NONE,DC,V,1,0,-9.99,-9.99,9.99,9.99
31,13,DB2,973,31-DB2-13-0973,No,NONE,DC,V,1,0,-9.99,-9.99,9.99,9.99
31,14,DB2,974,31-DB2-14-0974,No,NONE,DC,V,1,0,-9.99,-9.99,9.99,9.99
31,15,DB2,975,31-DB2-15-0975,No,NONE,DC,V,1,0,-9.99,-9.99,9.99,9.99
31,16,DB2,976,31-DB2-16-0976,No,NONE,DC,V,1,0,-9.99,-9.99,9.99,9.99
31,17,DB1,977,31-DB1-17-0977,No,NONE,DC,V,1,0,-9.99,-9.99,9.99,9.99
31,18,DB1,978,31-DB1-18-0978,No,NONE,DC,V,1,0,-9.99,-9.99,9.99,9.99
31,19,DB1,979,31-DB1-19-0979,No,NONE,DC,V,1,0,-9.99,-9.99,9.99,9.99
31,20,DB1,980,31-DB1-20-0980,No,NONE,DC,V,1,0,-9.99,-9.99,9.99,9.99
31,21,DB1,981,31-DB1-21-0981,No,NONE,DC,V,1,0,-9.99,-9.99,9.99,9.99
31,22,DB1,982,31-DB1-22-0982,No,NONE,DC,V,1,0,-9.99,-9.99,9.99,9.99
31,23,DB1,983,31-DB1-23-0983,No,NONE,DC,V,1,0,-9.99,-9.99,9.99,9.99
31,24,DB1,984,31-DB1-24-0984,No,NONE,DC,V,1,0,-9.99,-9.99,9.99,9.99
31,25,DB1,985,31-DB1-25-0985,No,NONE,DC,V,1,0,-9.99,-9.99,9.99,9.99
31,26,DB1,986,31-DB1-26-0986,No,NONE,DC,V,1,0,-9.99,-9.99,9.99,9.99
31,27,DB1,987,31-DB1-27-0987,No,NONE,DC,V,1,0,-9.99,-9.99,9.99,9.99
31,28,DB1,988,31-DB1-28-0988,No,NONE,DC,V,1,0,-9.99,-9.99,9.99,9.99
31,29,DB1,989,31-DB1-29-0989,No,NONE,DC,V,1,0,-9.99,-9.99,9.99,9.99
31,30,DB1,990,31-DB1-30-0990,No,NONE,DC,V,1,0,-9.99,-9.99,9.99,9.99
31,31,DB1,991,31-DB1-31-0991,No,NONE,DC,V,1,0,-9.99,-9.99,9.99,9.99
31,32,DB1,992,31-DB1-32-0992,No,NONE,DC,V,1,0,-9.99,-9.99,9.99,9.99
32,1,DB2,993,32-DB2-01-0993,No,NONE,DC,V,1,0,-9.99,-9.99,9.99,9.99
32,2,DB2,994,32-DB2-02-0994,No,NONE,DC,V,1,0,-9.99,-9.99,9.99,9.99
32,3,DB2,995,32-DB2-03-0995,No,NONE,DC,V,1,0,-9.99,-9.99,9.99,9.99
32,4,DB2,996,32-DB2-04-0996,No,NONE,DC,V,1,0,-9.99,-9.99,9.99,9.99
32,5,DB2,997,32-DB2-05-0997,No,NONE,DC,V,1,0,-9.99,-9.99,9.99,9.99
32,6,DB2,998,32-DB2-06-0998,No,NONE,DC,V,1,0,-9.99,-9.99,9.99,9.99
32,7,DB2,999,32-DB2-07-0999,No,NONE,DC,V,1,0,-9.99,-9.99,9.99,9.99
32,8,DB2,1000,32-DB2-08-1000,No,NONE,DC,V,1,0,-9.99,-9.99,9.99,9.99
32,9,DB2,1001,32-DB2-09-1001,No,NONE,DC,V,1,0,-9.99,-9.99,9.99,9.99
32,10,DB2,1002,32-DB2-10-1002,No,NONE,DC,V,1,0,-9.99,-9.99,9.99,9.99
32,11,DB2,1003,32-DB2-11-1003,No,NONE,DC,V,1,0,-9.99,-9.99,9.99,9.99
32,12,DB2,1004,32-DB2-12-1004,No,NONE,DC,V,1,0,-9.99,-9.99,9.99,9.99
32,13,DB2,1005,32-DB2-13-1005,No,NONE,DC,V,1,0,-9.99,-9.99,9.99,9.99
32,14,DB2,1006,32-DB2-14-1006,No,NONE,DC,V,1,0,-9.99,-9.99,9.99,9.99
32,15,DB2,1007,32-DB2-15-1007,No,NONE,DC,V,1,0,-9.99,-9.99,9.99,9.99
32,16,DB2,1008,32-DB2-16-1008,No,NONE,DC,V,1,0,-9.99,-9.99,9.99,9.99
32,17,DB1,1009,32-DB1-17-1009,No,NONE,DC,V,1,0,-9.99,-9.99,9.99,9.99
32,18,DB1,1010,32-DB1-18-1010,No,NONE,DC,V,1,0,-9.99,-9.99,9.99,9.99
32,19,DB1,1011,32-DB1-19-1011,No,NONE,DC,V,1,0,-9.99,-9.99,9.99,9.99
32,20,DB1,1012,32-DB1-20-1012,No,NONE,DC,V,1,0,-9.99,-9.99,9.99,9.99
32,21,DB1,1013,32-DB1-21-1013,No,NONE,DC,V,1,0,-9.99,-9.99,9.99,9.99
32,22,DB1,1014,32-DB1-22-1014,No,NONE,DC,V,1,0,-9.99,-9.99,9.99,9.99
32,23,DB1,1015,32-DB1-23-1015,No,NONE,DC,V,1,0,-9.99,-9.99,9.99,9.99
32,24,DB1,1016,32-DB1-24-1016,No,NONE,DC,V,1,0,-9.99,-9.99,9.99,9.99
32,25,DB1,1017,32-DB1-25-1017,No,NONE,DC,V,1,0,-9.99,-9.99,9.99,9.99
32,26,DB1,1018,32-DB1-26-1018,No,NONE,DC,V,1,0,-9.99,-9.99,9.99,9.99
32,27,DB1,1019,32-DB1-27-1019,No,NONE,DC,V,1,0,-9.99,-9.99,9.99,9.99
32,28,DB1,1020,32-DB1-28-1020,No,NONE,DC,V,1,0,-9.99,-9.99,9.99,9.99
32,29,DB1,1021,32-DB1-29-1021,No,NONE,DC,V,1,0,-9.99,-9.99,9.99,9.99
32,30,DB1,1022,32-DB1-30-1022,No,NONE,DC,V,1,0,-9.99,-9.99,9.99,9.99
32,31,DB1,1023,32-DB1-31-1023,No,NONE,DC,V,1,0,-9.99,-9.99,9.99,9.99
32,32,DB1,1024,32-DB1-32-1024,No,NONE,DC,V,1,0,-9.99,-9.99,9.99,9.99
